1761189379462 20833.0 0
1761189381704 20394.0 1
1761189384037 19412.0 2
1761189386262 18707.0 3
1761189388777 17707.0 4
1761189391268 17707.0 5
1761189393771 17413.0 6
1761189396430 17206.0 7
1761189398930 17115.0 8
1761189401496 17106.0 9
1761189404160 17006.0 10
1761189406690 16906.0 11
1761189409237 16706.0 12
1761189411972 16706.0 13
1761189414584 16706.0 14
1761189417097 16606.0 15
1761189419730 16506.0 16
1761189422309 16499.0 17
1761189424965 16399.0 18
1761189427588 16299.0 19
1761189430375 16206.0 20
1761189433046 16198.0 21
1761189435718 16098.0 22
1761189438357 15998.0 23
1761189440768 15998.0 24
1761189443170 15898.0 25
1761189445692 15789.0 26
1761189448067 15698.0 27
1761189450576 15698.0 28
1761189452988 15498.0 29
1761189455476 15398.0 30
1761189457970 15298.0 31
1761189460520 15298.0 32
1761189462952 15289.0 33
1761189465480 15289.0 34
1761189467958 15289.0 35
1761189470448 15289.0 36
1761189472875 15189.0 37
1761189475234 14989.0 38
1761189477749 14987.0 39
1761189480356 14987.0 40
1761189482778 14972.0 41
1761189485373 14887.0 42
1761189487847 14787.0 43
1761189490322 14687.0 44
1761189492859 14487.0 45
1761189495355 14487.0 46
1761189497818 14487.0 47
1761189500285 14385.0 48
1761189502634 14285.0 49
1761189505103 14285.0 50
1761189507732 14285.0 51
1761189510277 14285.0 52
1761189512884 14283.0 53
1761189515413 14183.0 54
1761189517699 14181.0 55
1761189519801 14083.0 56
1761189521888 14081.0 57
1761189524068 13981.0 58
1761189526218 13873.0 59
1761189528338 13873.0 60
1761189530518 13771.0 61
1761189532631 13671.0 62
1761189534759 13571.0 63
1761189536966 13570.0 64
1761189539056 13470.0 65
1761189541153 13370.0 66
1761189543296 13370.0 67
1761189545367 13370.0 68
1761189547485 13272.0 69
1761189549621 13172.0 70
1761189551767 13072.0 71
1761189553905 12972.0 72
1761189556088 12972.0 73
1761189558209 12972.0 74
1761189560290 12872.0 75
1761189562557 12870.0 76
1761189564595 12870.0 77
1761189566604 12870.0 78
1761189568629 12770.0 79
1761189570771 12670.0 80
1761189572845 12670.0 81
1761189574934 12670.0 82
1761189577093 12570.0 83
1761189579218 12570.0 84
1761189581279 12470.0 85
1761189583460 12468.0 86
1761189585549 12468.0 87
1761189587638 12370.0 88
1761189589825 12362.0 89
1761189591905 12360.0 90
1761189593958 12352.0 91
1761189596054 12152.0 92
1761189598121 12152.0 93
1761189600245 11960.0 94
1761189602372 11860.0 95
1761189604474 11760.0 96
1761189606522 11760.0 97
1761189608552 11760.0 98
1761189610690 11758.0 99
