1761201346721 1790.0 0
1761201347293 1692.0 1
1761201347867 1692.0 2
1761201348447 1692.0 3
1761201349031 1692.0 4
1761201349620 1692.0 5
1761201350204 1690.0 6
1761201350796 1683.0 7
1761201351391 1583.0 8
1761201351988 1583.0 9
1761201352581 1481.0 10
1761201353164 1392.0 11
1761201353757 1392.0 12
1761201354351 1392.0 13
1761201354944 1392.0 14
1761201355548 1392.0 15
1761201356141 1392.0 16
1761201356751 1292.0 17
1761201357330 1292.0 18
1761201357937 1190.0 19
1761201358528 1190.0 20
1761201359120 1190.0 21
1761201359712 1090.0 22
1761201360318 1090.0 23
1761201360909 1090.0 24
1761201361502 1090.0 25
1761201362085 1090.0 26
1761201362698 990.0 27
1761201363282 990.0 28
1761201363860 890.0 29
1761201364457 890.0 30
1761201365053 790.0 31
1761201365647 596.0 32
1761201366245 596.0 33
1761201366839 596.0 34
1761201367429 596.0 35
1761201368029 596.0 36
1761201368637 596.0 37
1761201369245 596.0 38
1761201369857 596.0 39
1761201370461 596.0 40
1761201371053 596.0 41
1761201371640 596.0 42
1761201372256 596.0 43
1761201372917 596.0 44
1761201373539 596.0 45
1761201374137 596.0 46
1761201374733 596.0 47
1761201375347 596.0 48
1761201375956 596.0 49
1761201376564 596.0 50
1761201377176 596.0 51
1761201377784 596.0 52
1761201378402 596.0 53
1761201378998 596.0 54
1761201379607 596.0 55
1761201380217 596.0 56
1761201380822 596.0 57
1761201381420 596.0 58
1761201382028 596.0 59
1761201382636 596.0 60
1761201383255 596.0 61
1761201383856 596.0 62
1761201384444 596.0 63
1761201385035 596.0 64
1761201385633 596.0 65
1761201386216 596.0 66
1761201386850 596.0 67
1761201387448 596.0 68
1761201388049 575.0 69
1761201388650 575.0 70
1761201389228 569.0 71
1761201389814 569.0 72
1761201390412 569.0 73
1761201391004 569.0 74
1761201391593 569.0 75
1761201392190 569.0 76
1761201392811 569.0 77
1761201393405 566.0 78
1761201394021 564.0 79
1761201394609 564.0 80
1761201395221 564.0 81
1761201395817 564.0 82
1761201396418 564.0 83
1761201397036 564.0 84
1761201397610 564.0 85
1761201398214 564.0 86
1761201398796 564.0 87
1761201399377 564.0 88
1761201399982 564.0 89
1761201400570 564.0 90
1761201401142 564.0 91
1761201401745 564.0 92
1761201402342 564.0 93
1761201402940 564.0 94
1761201403548 564.0 95
1761201404151 564.0 96
1761201404765 564.0 97
1761201405357 564.0 98
1761201405936 564.0 99
