1761278226762 1776.0 0
1761278227363 1776.0 1
1761278227957 1776.0 2
1761278228559 1776.0 3
1761278229145 1776.0 4
1761278229772 1776.0 5
1761278230375 1676.0 6
1761278230964 1676.0 7
1761278231564 1676.0 8
1761278232163 1676.0 9
1761278232756 1676.0 10
1761278233373 1676.0 11
1761278233980 1676.0 12
1761278234579 1676.0 13
1761278235186 1576.0 14
1761278235775 1576.0 15
1761278236376 1576.0 16
1761278236971 1576.0 17
1761278237568 1576.0 18
1761278238183 1576.0 19
1761278238788 1576.0 20
1761278239386 1576.0 21
1761278240004 1576.0 22
1761278240599 1576.0 23
1761278241199 1576.0 24
1761278241799 1562.0 25
1761278242397 1562.0 26
1761278242985 1562.0 27
1761278243571 1562.0 28
1761278244164 1562.0 29
1761278244765 1562.0 30
1761278245346 1462.0 31
1761278245927 1462.0 32
1761278246514 1456.0 33
1761278247079 1456.0 34
1761278247677 1256.0 35
1761278248277 1256.0 36
1761278248870 1156.0 37
1761278249466 1156.0 38
1761278250078 1156.0 39
1761278250678 1156.0 40
1761278251248 1056.0 41
1761278251839 1056.0 42
1761278252414 956.0 43
1761278252996 950.0 44
1761278253590 950.0 45
1761278254154 950.0 46
1761278254741 950.0 47
1761278255319 850.0 48
1761278255893 850.0 49
1761278256472 850.0 50
1761278257056 848.0 51
1761278257633 848.0 52
1761278258223 848.0 53
1761278258801 748.0 54
1761278259380 748.0 55
1761278259977 548.0 56
1761278260571 548.0 57
1761278261151 548.0 58
1761278261738 548.0 59
1761278262333 548.0 60
1761278262933 548.0 61
1761278263540 548.0 62
1761278264114 548.0 63
1761278264707 548.0 64
1761278265296 548.0 65
1761278265890 548.0 66
1761278266490 548.0 67
1761278267092 548.0 68
1761278267683 548.0 69
1761278268277 548.0 70
1761278268869 548.0 71
1761278269468 548.0 72
1761278270066 548.0 73
1761278270666 548.0 74
1761278271263 548.0 75
1761278271854 548.0 76
1761278272465 548.0 77
1761278273080 548.0 78
1761278273686 548.0 79
1761278274276 548.0 80
1761278274873 548.0 81
1761278275478 548.0 82
1761278276082 548.0 83
1761278276683 548.0 84
1761278277289 548.0 85
1761278277899 548.0 86
1761278278534 548.0 87
1761278279158 548.0 88
1761278279769 548.0 89
1761278280379 548.0 90
1761278280982 548.0 91
1761278281586 548.0 92
1761278282190 548.0 93
1761278282794 548.0 94
1761278283405 548.0 95
1761278284019 548.0 96
1761278284625 548.0 97
1761278285228 548.0 98
1761278285868 548.0 99
