1761098451951 20273.0 0
1761098454095 20273.0 1
1761098456066 20273.0 2
1761098458052 20273.0 3
1761098460008 20273.0 4
1761098461997 20273.0 5
1761098463998 20273.0 6
1761098465922 20273.0 7
1761098467878 20273.0 8
1761098469806 20273.0 9
1761098471730 20273.0 10
1761098473635 20273.0 11
1761098475556 20273.0 12
1761098477488 20273.0 13
1761098479439 20273.0 14
1761098481382 20273.0 15
1761098483319 20273.0 16
1761098485284 20273.0 17
1761098487225 20273.0 18
1761098489177 20273.0 19
1761098491129 20273.0 20
1761098493050 20273.0 21
1761098494969 20273.0 22
1761098496916 20273.0 23
1761098498910 20273.0 24
1761098500839 20273.0 25
1761098502774 20273.0 26
1761098504710 20273.0 27
1761098506633 20273.0 28
1761098508576 20273.0 29
1761098510511 20273.0 30
1761098512443 20273.0 31
1761098514377 20273.0 32
1761098516284 20273.0 33
1761098518201 20273.0 34
1761098520136 20273.0 35
1761098522063 20273.0 36
1761098523977 20273.0 37
1761098525878 20273.0 38
1761098527786 20273.0 39
1761098529746 20273.0 40
1761098531674 20273.0 41
1761098533582 20273.0 42
1761098535482 20273.0 43
1761098537429 20273.0 44
1761098539362 20273.0 45
1761098541288 20273.0 46
1761098543194 20273.0 47
1761098545123 20273.0 48
1761098547047 20273.0 49
1761098548963 20273.0 50
1761098550902 20273.0 51
1761098552810 20273.0 52
1761098554723 20273.0 53
1761098556637 20273.0 54
1761098558550 20273.0 55
1761098560498 20273.0 56
1761098562419 20273.0 57
1761098564351 20273.0 58
1761098566247 20273.0 59
1761098568152 20273.0 60
1761098570081 20273.0 61
1761098572014 20273.0 62
1761098573937 20273.0 63
1761098575868 20273.0 64
1761098577790 20273.0 65
1761098579718 20273.0 66
1761098581658 20273.0 67
1761098583570 20273.0 68
1761098585474 20273.0 69
1761098587394 20273.0 70
1761098589313 20273.0 71
1761098591258 20273.0 72
1761098593181 20273.0 73
1761098595077 20273.0 74
1761098596994 20273.0 75
1761098598923 20273.0 76
1761098600843 20273.0 77
1761098602776 20273.0 78
1761098604684 20273.0 79
1761098606592 20273.0 80
1761098608528 20273.0 81
1761098610453 20273.0 82
1761098612414 20273.0 83
1761098614333 20273.0 84
1761098616225 20273.0 85
1761098618159 20273.0 86
1761098620096 20273.0 87
1761098622050 20273.0 88
1761098624009 20273.0 89
1761098625932 20273.0 90
1761098627862 20273.0 91
1761098629770 20273.0 92
1761098631692 20273.0 93
1761098633638 20273.0 94
1761098635547 20273.0 95
1761098637480 20273.0 96
1761098639404 20273.0 97
1761098641301 20273.0 98
1761098643302 20273.0 99
