1761210222665 3323.0 0
1761210229325 3323.0 1
1761210236146 3122.0 2
1761210243103 3122.0 3
1761210250146 3122.0 4
1761210257279 3122.0 5
1761210264489 3122.0 6
1761210271885 3122.0 7
1761210279213 3122.0 8
1761210286648 3122.0 9
1761210294161 3122.0 10
1761210301748 3122.0 11
1761210309381 2644.0 12
1761210316998 2644.0 13
1761210324668 2644.0 14
1761210332337 2644.0 15
1761210340063 2644.0 16
1761210347769 2644.0 17
1761210355507 2644.0 18
1761210363242 2644.0 19
1761210370954 2644.0 20
1761210378666 2644.0 21
1761210386529 2644.0 22
1761210394384 2644.0 23
1761210402397 2644.0 24
1761210410074 2644.0 25
1761210417771 2644.0 26
1761210425487 2644.0 27
1761210433492 2644.0 28
1761210441652 2644.0 29
1761210449499 2644.0 30
1761210457308 2644.0 31
1761210465204 2644.0 32
1761210473074 2644.0 33
1761210480923 2644.0 34
1761210488796 2644.0 35
1761210496624 2644.0 36
1761210504509 2644.0 37
1761210512296 2644.0 38
1761210520107 2644.0 39
1761210528009 2644.0 40
1761210535922 2644.0 41
1761210543741 2644.0 42
1761210551590 2644.0 43
1761210559395 2644.0 44
1761210567269 2644.0 45
1761210575173 2644.0 46
1761210583038 2644.0 47
1761210590980 2644.0 48
1761210598943 2644.0 49
1761210606849 2644.0 50
1761210614801 2644.0 51
1761210622801 2644.0 52
1761210630688 2644.0 53
1761210638548 2644.0 54
1761210646449 2644.0 55
1761210654536 2644.0 56
1761210662463 2644.0 57
1761210670389 2644.0 58
1761210678353 2644.0 59
1761210686290 2644.0 60
1761210694166 2644.0 61
1761210702018 2644.0 62
1761210709959 2644.0 63
1761210717771 2644.0 64
1761210725504 2644.0 65
1761210733278 2644.0 66
1761210741143 2644.0 67
1761210748904 2644.0 68
1761210756650 2644.0 69
1761210764360 2644.0 70
1761210772253 2644.0 71
1761210780058 2644.0 72
1761210787776 2644.0 73
1761210795522 2644.0 74
1761210803301 2644.0 75
1761210811082 2644.0 76
1761210818929 2644.0 77
1761210826821 2644.0 78
1761210834651 2644.0 79
1761210842511 2644.0 80
1761210850245 2644.0 81
1761210858106 2644.0 82
1761210865893 2644.0 83
1761210873682 2644.0 84
1761210881461 2644.0 85
1761210889345 2644.0 86
1761210897291 2644.0 87
1761210905095 2644.0 88
1761210912896 2644.0 89
1761210920816 2644.0 90
1761210929209 2644.0 91
1761210937071 2644.0 92
1761210944973 2644.0 93
1761210952933 2644.0 94
1761210960912 2644.0 95
1761210968812 2644.0 96
1761210976852 2644.0 97
1761210984802 2644.0 98
1761210992697 2644.0 99
