1761271546840 1482.0 0
1761271547433 1384.0 1
1761271548028 1384.0 2
1761271548626 1384.0 3
1761271549224 1284.0 4
1761271549803 1284.0 5
1761271550397 1284.0 6
1761271551000 1284.0 7
1761271551590 1284.0 8
1761271552184 1284.0 9
1761271552784 1184.0 10
1761271553383 1176.0 11
1761271553974 1176.0 12
1761271554565 1176.0 13
1761271555147 1176.0 14
1761271555753 1176.0 15
1761271556345 1176.0 16
1761271556935 1071.0 17
1761271557517 1071.0 18
1761271558097 1071.0 19
1761271558687 1071.0 20
1761271559275 1071.0 21
1761271559856 1071.0 22
1761271560459 1071.0 23
1761271561047 971.0 24
1761271561635 971.0 25
1761271562246 971.0 26
1761271562850 971.0 27
1761271563455 971.0 28
1761271564051 971.0 29
1761271564638 864.0 30
1761271565233 764.0 31
1761271565807 764.0 32
1761271566400 764.0 33
1761271566994 764.0 34
1761271567586 764.0 35
1761271568185 664.0 36
1761271568779 664.0 37
1761271569388 664.0 38
1761271569972 664.0 39
1761271570571 664.0 40
1761271571170 664.0 41
1761271571765 664.0 42
1761271572374 664.0 43
1761271572976 664.0 44
1761271573588 664.0 45
1761271574177 664.0 46
1761271574772 664.0 47
1761271575381 664.0 48
1761271575981 664.0 49
1761271576559 664.0 50
1761271577149 664.0 51
1761271577739 664.0 52
1761271578320 664.0 53
1761271578920 664.0 54
1761271579511 664.0 55
1761271580107 664.0 56
1761271580721 664.0 57
1761271581321 664.0 58
1761271581917 664.0 59
1761271582511 664.0 60
1761271583125 664.0 61
1761271583729 664.0 62
1761271584335 664.0 63
1761271584927 664.0 64
1761271585526 664.0 65
1761271586117 664.0 66
1761271586710 664.0 67
1761271587314 664.0 68
1761271587918 664.0 69
1761271588514 664.0 70
1761271589115 664.0 71
1761271589717 664.0 72
1761271590310 664.0 73
1761271590925 664.0 74
1761271591516 664.0 75
1761271592124 664.0 76
1761271592736 664.0 77
1761271593334 664.0 78
1761271593948 664.0 79
1761271594545 664.0 80
1761271595151 664.0 81
1761271595752 664.0 82
1761271596363 664.0 83
1761271596979 664.0 84
1761271597578 664.0 85
1761271598193 664.0 86
1761271598806 664.0 87
1761271599413 664.0 88
1761271600021 664.0 89
1761271600629 664.0 90
1761271601242 664.0 91
1761271601856 664.0 92
1761271602498 664.0 93
1761271603119 664.0 94
1761271603736 664.0 95
1761271604374 664.0 96
1761271604994 664.0 97
1761271605601 664.0 98
1761271606211 664.0 99
