1771423259711 20062.0 0
1771423280776 19862.0 1
1771423302011 19862.0 2
1771423323192 19769.0 3
1771423344214 19769.0 4
1771423365449 19769.0 5
1771423386823 19769.0 6
1771423408109 19767.0 7
1771423429133 19767.0 8
1771423450308 19767.0 9
1771423471651 19760.0 10
1771423492819 19760.0 11
1771423514087 19660.0 12
1771423535939 19660.0 13
1771423556833 19575.0 14
1771423578111 19475.0 15
1771423599659 19475.0 16
1771423621192 19475.0 17
1771423642362 19475.0 18
1771423663616 19375.0 19
1771423684750 19375.0 20
1771423706344 19299.0 21
1771423728225 19175.0 22
1771423750310 19077.0 23
1771423772354 19077.0 24
1771423794331 19077.0 25
1771423816374 19077.0 26
1771423837851 18982.0 27
1771423859569 18982.0 28
1771423881459 18881.0 29
1771423903285 18781.0 30
1771423924871 18762.0 31
1771423946767 18762.0 32
1771423968484 18463.0 33
1771423990181 18463.0 34
1771424012093 18363.0 35
1771424034079 18363.0 36
1771424055886 17963.0 37
1771424077678 17963.0 38
1771424099234 17963.0 39
1771424121223 17954.0 40
1771424143182 17954.0 41
1771424164832 17954.0 42
1771424186558 17854.0 43
1771424208234 17854.0 44
1771424230083 17854.0 45
1771424251939 17754.0 46
1771424273829 17754.0 47
1771424295836 17654.0 48
1771424317911 17654.0 49
1771424339952 17561.0 50
1771424361619 17461.0 51
1771424383566 17351.0 52
1771424405397 17153.0 53
1771424427481 17153.0 54
1771424449472 17053.0 55
1771424471436 17053.0 56
1771424493806 17053.0 57
1771424515891 17053.0 58
1771424537923 17053.0 59
1771424559825 17047.0 60
1771424581756 16847.0 61
1771424604056 16747.0 62
1771424626585 16644.0 63
1771424648296 16644.0 64
1771424669384 16644.0 65
1771424690529 16642.0 66
1771424711607 16542.0 67
1771424732635 16542.0 68
1771424754138 16542.0 69
1771424775074 16542.0 70
1771424797473 16342.0 71
1771424819404 16342.0 72
1771424840824 16342.0 73
1771424864872 16281.0 74
1771424887436 16281.0 75
1771424909602 16242.0 76
1771424931761 16242.0 77
1771424954276 16242.0 78
1771424976595 15981.0 79
1771424998553 15981.0 80
1771425020989 15981.0 81
1771425042674 15875.0 82
1771425064756 15875.0 83
1771425087075 15875.0 84
1771425108864 15775.0 85
1771425130837 15775.0 86
1771425152995 15575.0 87
1771425175057 15575.0 88
1771425197653 15575.0 89
1771425220461 15575.0 90
1771425242755 15575.0 91
1771425265104 15474.0 92
1771425287578 15474.0 93
1771425309723 15474.0 94
1771425332491 15474.0 95
1771425354865 15474.0 96
1771425377164 15474.0 97
1771425399461 15474.0 98
1771425421871 15430.0 99
