1771749751321 3558.0 0
1771749773277 3548.0 1
1771749795388 3548.0 2
1771749818890 3548.0 3
1771749843045 3548.0 4
1771749868054 3232.0 5
1771749892808 3232.0 6
1771749917656 2937.0 7
1771749943859 2937.0 8
1771749970491 2937.0 9
1771749997187 2937.0 10
1771750024796 2937.0 11
1771750052365 2937.0 12
1771750079710 2937.0 13
1771750107560 2937.0 14
1771750134765 2937.0 15
1771750161820 2929.0 16
1771750188996 2929.0 17
1771750216446 2929.0 18
1771750244061 2929.0 19
1771750272504 2929.0 20
1771750300157 2929.0 21
1771750328022 2929.0 22
1771750356511 2929.0 23
1771750384474 2929.0 24
1771750412310 2929.0 25
1771750441024 2929.0 26
1771750468832 2929.0 27
1771750496694 2929.0 28
1771750524490 2929.0 29
1771750552929 2929.0 30
1771750581528 2929.0 31
1771750610475 2929.0 32
1771750639147 2929.0 33
1771750668034 2929.0 34
1771750696660 2929.0 35
1771750724911 2929.0 36
1771750749917 2929.0 37
1771750775357 2929.0 38
1771750800709 2929.0 39
1771750826050 2929.0 40
1771750851324 2929.0 41
1771750876303 2929.0 42
1771750901551 2929.0 43
1771750926135 2929.0 44
1771750951061 2929.0 45
1771750975909 2929.0 46
1771751000433 2929.0 47
1771751024682 2929.0 48
1771751049123 2929.0 49
1771751073938 2929.0 50
1771751098630 2929.0 51
1771751123846 2929.0 52
1771751149050 2929.0 53
1771751174095 2929.0 54
1771751199303 2929.0 55
1771751224039 2929.0 56
1771751248535 2929.0 57
1771751273812 2929.0 58
1771751298607 2929.0 59
1771751323324 2929.0 60
1771751348130 2929.0 61
1771751373014 2929.0 62
1771751397935 2929.0 63
1771751423517 2929.0 64
1771751448693 2929.0 65
1771751474046 2929.0 66
1771751499659 2929.0 67
1771751525116 2929.0 68
1771751550805 2929.0 69
1771751576337 2929.0 70
1771751601402 2929.0 71
1771751626777 2929.0 72
1771751652089 2929.0 73
1771751677663 2929.0 74
1771751702528 2929.0 75
1771751727532 2929.0 76
1771751752262 2929.0 77
1771751777001 2929.0 78
1771751801821 2929.0 79
1771751826261 2929.0 80
1771751851143 2929.0 81
1771751876063 2929.0 82
1771751900972 2929.0 83
1771751925558 2929.0 84
1771751950592 2929.0 85
1771751975678 2929.0 86
1771752001447 2929.0 87
1771752027136 2929.0 88
1771752052419 2929.0 89
1771752077772 2929.0 90
1771752103075 2929.0 91
1771752128091 2929.0 92
1771752153330 2929.0 93
1771752178048 2929.0 94
1771752203233 2929.0 95
1771752228429 2929.0 96
1771752253317 2929.0 97
1771752278215 2929.0 98
1771752302960 2929.0 99
