1771393503261 20876.0 0
1771393509123 20876.0 1
1771393515257 20876.0 2
1771393520647 20876.0 3
1771393525923 20876.0 4
1771393531244 20876.0 5
1771393536462 20876.0 6
1771393541683 20876.0 7
1771393546878 20876.0 8
1771393552388 20876.0 9
1771393557546 20876.0 10
1771393562726 20876.0 11
1771393568034 20876.0 12
1771393573432 20876.0 13
1771393578659 20876.0 14
1771393584069 20876.0 15
1771393589304 20876.0 16
1771393594568 20876.0 17
1771393599676 20876.0 18
1771393605112 20876.0 19
1771393610319 20876.0 20
1771393615628 20876.0 21
1771393620781 20876.0 22
1771393626123 20876.0 23
1771393631427 20876.0 24
1771393636739 20876.0 25
1771393642058 20876.0 26
1771393647278 20876.0 27
1771393652528 20876.0 28
1771393657836 20876.0 29
1771393663099 20876.0 30
1771393668327 20876.0 31
1771393673685 20876.0 32
1771393678757 20876.0 33
1771393684160 20876.0 34
1771393689454 20876.0 35
1771393694743 20876.0 36
1771393700038 20876.0 37
1771393705310 20876.0 38
1771393710281 20876.0 39
1771393715605 20876.0 40
1771393720770 20876.0 41
1771393726022 20876.0 42
1771393732105 20876.0 43
1771393737916 20876.0 44
1771393743156 20876.0 45
1771393748495 20876.0 46
1771393753825 20876.0 47
1771393759115 20876.0 48
1771393764166 20876.0 49
1771393769478 20876.0 50
1771393774665 20876.0 51
1771393779919 20876.0 52
1771393785186 20876.0 53
1771393790396 20876.0 54
1771393795486 20876.0 55
1771393801242 20876.0 56
1771393806657 20876.0 57
1771393811939 20876.0 58
1771393817206 20876.0 59
1771393822459 20876.0 60
1771393827717 20876.0 61
1771393833013 20876.0 62
1771393838325 20876.0 63
1771393843614 20876.0 64
1771393848811 20876.0 65
1771393854177 20876.0 66
1771393859410 20876.0 67
1771393864758 20876.0 68
1771393869987 20876.0 69
1771393875145 20876.0 70
1771393880392 20876.0 71
1771393885484 20876.0 72
1771393890680 20876.0 73
1771393895897 20876.0 74
1771393901162 20876.0 75
1771393906405 20876.0 76
1771393911672 20876.0 77
1771393917162 20876.0 78
1771393922502 20876.0 79
1771393927715 20876.0 80
1771393933165 20876.0 81
1771393938408 20876.0 82
1771393943566 20876.0 83
1771393948854 20876.0 84
1771393954084 20876.0 85
1771393959362 20876.0 86
1771393964604 20876.0 87
1771393969870 20876.0 88
1771393975121 20876.0 89
1771393980334 20876.0 90
1771393985519 20876.0 91
1771393990635 20876.0 92
1771393995849 20876.0 93
1771394001068 20876.0 94
1771394006344 20876.0 95
1771394011392 20876.0 96
1771394016618 20876.0 97
1771394021827 20876.0 98
1771394027084 20876.0 99
