1771383893862 20885.0 0
1771383950662 20885.0 1
1771384007863 20885.0 2
1771384066104 20885.0 3
1771384126553 20885.0 4
1771384188329 20885.0 5
1771384250254 20885.0 6
1771384308207 20641.0 7
1771384362634 20641.0 8
1771384418076 20641.0 9
1771384473489 20641.0 10
1771384529971 20641.0 11
1771384587634 20533.0 12
1771384645958 20533.0 13
1771384704933 20533.0 14
1771384764930 20533.0 15
1771384826086 20533.0 16
1771384886460 20533.0 17
1771384947453 20533.0 18
1771385009217 20533.0 19
1771385070381 20533.0 20
1771385133413 20533.0 21
1771385195289 20533.0 22
1771385257735 20533.0 23
1771385319969 20533.0 24
1771385382677 20533.0 25
1771385446815 20533.0 26
1771385509773 20533.0 27
1771385572236 20533.0 28
1771385634222 20533.0 29
1771385696832 20533.0 30
1771385759610 20533.0 31
1771385821828 20533.0 32
1771385885116 20533.0 33
1771385947904 20533.0 34
1771386011649 20533.0 35
1771386074825 20533.0 36
1771386138364 20533.0 37
1771386201827 20533.0 38
1771386275791 20533.0 39
1771386336064 20533.0 40
1771386396813 20533.0 41
1771386457572 20533.0 42
1771386518175 20533.0 43
1771386577730 20533.0 44
1771386638613 20533.0 45
1771386699173 20533.0 46
1771386759565 20533.0 47
1771386820578 20533.0 48
1771386881037 20533.0 49
1771386940970 20533.0 50
1771387000953 20533.0 51
1771387061147 20533.0 52
1771387121032 20533.0 53
1771387181004 20533.0 54
1771387241491 20533.0 55
1771387301787 20533.0 56
1771387361695 20533.0 57
1771387421451 20533.0 58
1771387481473 20533.0 59
1771387541136 20533.0 60
1771387601297 20533.0 61
1771387661460 20533.0 62
1771387722426 20533.0 63
1771387783481 20533.0 64
1771387846120 20533.0 65
1771387910248 20533.0 66
1771387971044 20533.0 67
1771388031115 20533.0 68
1771388091417 20533.0 69
1771388153095 20533.0 70
1771388213100 20533.0 71
1771388273504 20533.0 72
1771388334937 20533.0 73
1771388395669 20533.0 74
1771388455613 20533.0 75
1771388516389 20533.0 76
1771388576985 20533.0 77
1771388636956 20533.0 78
1771388697449 20533.0 79
1771388757838 20533.0 80
1771388818559 20533.0 81
1771388878556 20533.0 82
1771388938668 20533.0 83
1771388998157 20533.0 84
1771389057880 20533.0 85
1771389117424 20533.0 86
1771389177441 20533.0 87
1771389237595 20533.0 88
1771389296727 20533.0 89
1771389356499 20533.0 90
1771389416424 20533.0 91
1771389476236 20533.0 92
1771389535795 20533.0 93
1771389595249 20533.0 94
1771389654990 20533.0 95
1771389714925 20533.0 96
1771389774977 20533.0 97
1771389835464 20533.0 98
1771389895849 20533.0 99
