1771935865452 3111.0 0
1771935866926 3111.0 1
1771935868300 3111.0 2
1771935869465 3111.0 3
1771935870621 3111.0 4
1771935871726 3111.0 5
1771935872814 3111.0 6
1771935873897 3111.0 7
1771935875033 3111.0 8
1771935876252 3111.0 9
1771935877370 3111.0 10
1771935878483 3111.0 11
1771935879565 3111.0 12
1771935880703 3111.0 13
1771935881763 3111.0 14
1771935882824 3111.0 15
1771935883913 3111.0 16
1771935885010 3111.0 17
1771935886186 3111.0 18
1771935887247 3111.0 19
1771935888354 3111.0 20
1771935889400 3111.0 21
1771935890518 3111.0 22
1771935891670 3111.0 23
1771935892758 3111.0 24
1771935893833 3111.0 25
1771935894940 3111.0 26
1771935896048 3111.0 27
1771935897110 3111.0 28
1771935898208 3111.0 29
1771935899284 3111.0 30
1771935900407 3111.0 31
1771935901507 3111.0 32
1771935902623 3111.0 33
1771935903810 3111.0 34
1771935904918 3111.0 35
1771935906041 3111.0 36
1771935907099 3111.0 37
1771935908231 3111.0 38
1771935909318 3111.0 39
1771935910403 3111.0 40
1771935911471 3111.0 41
1771935912561 3111.0 42
1771935913663 3111.0 43
1771935914802 3111.0 44
1771935915871 3111.0 45
1771935916987 3111.0 46
1771935918075 3111.0 47
1771935919177 3111.0 48
1771935920275 3111.0 49
1771935921340 3111.0 50
1771935922411 3111.0 51
1771935923489 3111.0 52
1771935924584 3111.0 53
1771935925658 3111.0 54
1771935926819 3111.0 55
1771935927928 3111.0 56
1771935929016 3111.0 57
1771935930075 3111.0 58
1771935931162 3111.0 59
1771935932199 3111.0 60
1771935933277 3111.0 61
1771935934349 3111.0 62
1771935935441 3111.0 63
1771935936507 3111.0 64
1771935937680 3111.0 65
1771935938753 3111.0 66
1771935939796 3111.0 67
1771935940891 3111.0 68
1771935941979 3111.0 69
1771935943054 3111.0 70
1771935944121 3111.0 71
1771935945216 3111.0 72
1771935946283 3111.0 73
1771935947380 3111.0 74
1771935948448 3111.0 75
1771935949552 3111.0 76
1771935950746 3111.0 77
1771935951857 3111.0 78
1771935953021 3111.0 79
1771935954131 3111.0 80
1771935955251 3111.0 81
1771935956331 3111.0 82
1771935957415 3111.0 83
1771935958584 3111.0 84
1771935959718 3111.0 85
1771935960868 3111.0 86
1771935961996 3111.0 87
1771935963076 3111.0 88
1771935964187 3111.0 89
1771935965283 3111.0 90
1771935966379 3111.0 91
1771935967492 3111.0 92
1771935968573 3111.0 93
1771935969678 3111.0 94
1771935970866 3111.0 95
1771935971969 3111.0 96
1771935973038 3111.0 97
1771935974095 3111.0 98
1771935975184 3111.0 99
