1761201198819 1585.0 0
1761201199130 1585.0 1
1761201199443 1186.0 2
1761201199757 1084.0 3
1761201200064 984.0 4
1761201200368 977.0 5
1761201200674 973.0 6
1761201200973 973.0 7
1761201201267 972.0 8
1761201201610 972.0 9
1761201201901 972.0 10
1761201202196 972.0 11
1761201202487 972.0 12
1761201202777 972.0 13
1761201203068 972.0 14
1761201203352 972.0 15
1761201203640 970.0 16
1761201203929 968.0 17
1761201204270 968.0 18
1761201204542 968.0 19
1761201204813 868.0 20
1761201205092 868.0 21
1761201205377 868.0 22
1761201205649 866.0 23
1761201205929 766.0 24
1761201206241 766.0 25
1761201206543 666.0 26
1761201206883 666.0 27
1761201207261 666.0 28
1761201207564 666.0 29
1761201207873 566.0 30
1761201208160 566.0 31
1761201208487 565.0 32
1761201208837 565.0 33
1761201209162 565.0 34
1761201209504 465.0 35
1761201209816 465.0 36
1761201210211 465.0 37
1761201210510 465.0 38
1761201210834 465.0 39
1761201211194 465.0 40
1761201211499 465.0 41
1761201211827 465.0 42
1761201212165 465.0 43
1761201212472 458.0 44
1761201212797 458.0 45
1761201213122 458.0 46
1761201213504 458.0 47
1761201213814 458.0 48
1761201214124 458.0 49
1761201214536 458.0 50
1761201214858 458.0 51
1761201215190 451.0 52
1761201215512 451.0 53
1761201215836 451.0 54
1761201216133 451.0 55
1761201216532 451.0 56
1761201216870 443.0 57
1761201217142 443.0 58
1761201217405 443.0 59
1761201217660 443.0 60
1761201217920 443.0 61
1761201218181 443.0 62
1761201218437 443.0 63
1761201218693 443.0 64
1761201219008 443.0 65
1761201219271 443.0 66
1761201219535 443.0 67
1761201219797 443.0 68
1761201220058 443.0 69
1761201220316 443.0 70
1761201220575 443.0 71
1761201220838 443.0 72
1761201221096 443.0 73
1761201221354 443.0 74
1761201221666 443.0 75
1761201221925 443.0 76
1761201222193 443.0 77
1761201222453 351.0 78
1761201222716 351.0 79
1761201222976 351.0 80
1761201223247 351.0 81
1761201223518 351.0 82
1761201223793 351.0 83
1761201224122 351.0 84
1761201224393 343.0 85
1761201224662 343.0 86
1761201224933 343.0 87
1761201225201 343.0 88
1761201225470 343.0 89
1761201225737 343.0 90
1761201226006 343.0 91
1761201226273 343.0 92
1761201226544 343.0 93
1761201226869 343.0 94
1761201227136 343.0 95
1761201227400 343.0 96
1761201227668 343.0 97
1761201227951 343.0 98
1761201228220 343.0 99
