1761288019770 1733.0 0
1761288020369 1633.0 1
1761288020966 1633.0 2
1761288021559 1533.0 3
1761288022160 1533.0 4
1761288022765 1517.0 5
1761288023358 1517.0 6
1761288023954 1517.0 7
1761288024547 1517.0 8
1761288025152 1425.0 9
1761288025754 1425.0 10
1761288026367 1425.0 11
1761288026975 1325.0 12
1761288027607 1325.0 13
1761288028217 1325.0 14
1761288028816 1325.0 15
1761288029427 1323.0 16
1761288030035 1323.0 17
1761288030639 1323.0 18
1761288031246 1316.0 19
1761288031856 1316.0 20
1761288032487 1316.0 21
1761288033091 1108.0 22
1761288033718 1108.0 23
1761288034320 1108.0 24
1761288034917 1004.0 25
1761288035532 1004.0 26
1761288036138 1004.0 27
1761288036763 1004.0 28
1761288037362 1004.0 29
1761288037977 1004.0 30
1761288038578 1002.0 31
1761288039204 1002.0 32
1761288039815 1002.0 33
1761288040432 1002.0 34
1761288041049 1002.0 35
1761288041663 1002.0 36
1761288042301 988.0 37
1761288042922 988.0 38
1761288043537 988.0 39
1761288044152 988.0 40
1761288044758 988.0 41
1761288045360 988.0 42
1761288045950 980.0 43
1761288046567 980.0 44
1761288047181 980.0 45
1761288047796 980.0 46
1761288048394 980.0 47
1761288049007 980.0 48
1761288049604 971.0 49
1761288050221 971.0 50
1761288050823 971.0 51
1761288051424 971.0 52
1761288052022 971.0 53
1761288052637 876.0 54
1761288053269 871.0 55
1761288053895 782.0 56
1761288054497 775.0 57
1761288055108 775.0 58
1761288055716 775.0 59
1761288056320 775.0 60
1761288056931 775.0 61
1761288057538 775.0 62
1761288058138 775.0 63
1761288058747 775.0 64
1761288059352 683.0 65
1761288059978 683.0 66
1761288060584 683.0 67
1761288061182 583.0 68
1761288061796 583.0 69
1761288062427 583.0 70
1761288063034 583.0 71
1761288063667 583.0 72
1761288064312 583.0 73
1761288064956 583.0 74
1761288065568 583.0 75
1761288066180 583.0 76
1761288066799 583.0 77
1761288067413 583.0 78
1761288068025 583.0 79
1761288068626 583.0 80
1761288069230 583.0 81
1761288069830 502.0 82
1761288070429 502.0 83
1761288071036 502.0 84
1761288071624 402.0 85
1761288072227 402.0 86
1761288072840 402.0 87
1761288073466 304.0 88
1761288074074 304.0 89
1761288074679 302.0 90
1761288075316 302.0 91
1761288075930 302.0 92
1761288076554 302.0 93
1761288077147 302.0 94
1761288077776 302.0 95
1761288078383 302.0 96
1761288079011 302.0 97
1761288079630 302.0 98
1761288080243 302.0 99
