1771506598534 21936.0 0
1771506610328 21936.0 1
1771506621188 21936.0 2
1771506632113 21936.0 3
1771506643136 21936.0 4
1771506654155 21936.0 5
1771506665051 21936.0 6
1771506676186 21936.0 7
1771506687294 21936.0 8
1771506698334 21936.0 9
1771506709596 21936.0 10
1771506720660 21936.0 11
1771506731754 21936.0 12
1771506742957 21936.0 13
1771506754115 21936.0 14
1771506765038 21936.0 15
1771506775961 21936.0 16
1771506787151 21936.0 17
1771506798225 21936.0 18
1771506809291 21936.0 19
1771506820227 21936.0 20
1771506831478 21936.0 21
1771506842566 21936.0 22
1771506853618 21936.0 23
1771506864717 21936.0 24
1771506875626 21936.0 25
1771506886721 21936.0 26
1771506897874 21936.0 27
1771506908985 21936.0 28
1771506920131 21936.0 29
1771506931043 21936.0 30
1771506942072 21936.0 31
1771506953133 21936.0 32
1771506964152 21936.0 33
1771506975314 21936.0 34
1771506986290 21936.0 35
1771506997495 21936.0 36
1771507008803 21936.0 37
1771507019998 21936.0 38
1771507031063 21936.0 39
1771507042210 21936.0 40
1771507053250 21936.0 41
1771507064266 21936.0 42
1771507075530 21936.0 43
1771507086559 21936.0 44
1771507097858 21936.0 45
1771507109018 21936.0 46
1771507120094 21936.0 47
1771507131058 21936.0 48
1771507142027 21936.0 49
1771507153197 21936.0 50
1771507164164 21936.0 51
1771507175433 21936.0 52
1771507186668 21936.0 53
1771507197531 21936.0 54
1771507208521 21936.0 55
1771507219550 21936.0 56
1771507230753 21936.0 57
1771507241678 21936.0 58
1771507252713 21936.0 59
1771507263974 21936.0 60
1771507275068 21936.0 61
1771507286227 21936.0 62
1771507297302 21936.0 63
1771507308348 21936.0 64
1771507319397 21936.0 65
1771507330460 21936.0 66
1771507341477 21936.0 67
1771507352596 21936.0 68
1771507363659 21936.0 69
1771507374605 21936.0 70
1771507385562 21936.0 71
1771507396414 21936.0 72
1771507407548 21936.0 73
1771507418692 21936.0 74
1771507429670 21936.0 75
1771507440717 21936.0 76
1771507451811 21936.0 77
1771507462917 21936.0 78
1771507474011 21936.0 79
1771507484998 21936.0 80
1771507496231 21936.0 81
1771507507086 21936.0 82
1771507518395 21936.0 83
1771507529596 21936.0 84
1771507540709 21936.0 85
1771507551596 21936.0 86
1771507562543 21936.0 87
1771507573695 21936.0 88
1771507584812 21936.0 89
1771507595970 21936.0 90
1771507606840 21936.0 91
1771507617992 21936.0 92
1771507629142 21936.0 93
1771507640330 21936.0 94
1771507651604 21936.0 95
1771507662570 21936.0 96
1771507673814 21936.0 97
1771507685012 21936.0 98
1771507696050 21936.0 99
