1761274877320 1685.0 0
1761274877652 1685.0 1
1761274877991 1485.0 2
1761274878331 1277.0 3
1761274878665 1178.0 4
1761274878995 1078.0 5
1761274879314 979.0 6
1761274879639 979.0 7
1761274880036 978.0 8
1761274880353 879.0 9
1761274880675 872.0 10
1761274881002 779.0 11
1761274881322 772.0 12
1761274881648 672.0 13
1761274881971 664.0 14
1761274882299 664.0 15
1761274882625 664.0 16
1761274882950 564.0 17
1761274883333 564.0 18
1761274883663 564.0 19
1761274883995 564.0 20
1761274884331 555.0 21
1761274884650 555.0 22
1761274884970 555.0 23
1761274885288 555.0 24
1761274885614 555.0 25
1761274885937 555.0 26
1761274886324 555.0 27
1761274886636 555.0 28
1761274886951 555.0 29
1761274887266 555.0 30
1761274887580 550.0 31
1761274887888 450.0 32
1761274888206 450.0 33
1761274888527 450.0 34
1761274888850 450.0 35
1761274889168 450.0 36
1761274889543 448.0 37
1761274889865 440.0 38
1761274890173 440.0 39
1761274890480 440.0 40
1761274890791 440.0 41
1761274891102 340.0 42
1761274891415 340.0 43
1761274891729 340.0 44
1761274892047 340.0 45
1761274892427 340.0 46
1761274892745 340.0 47
1761274893062 340.0 48
1761274893383 340.0 49
1761274893695 340.0 50
1761274894010 340.0 51
1761274894327 340.0 52
1761274894645 338.0 53
1761274894967 338.0 54
1761274895350 338.0 55
1761274895665 338.0 56
1761274895984 338.0 57
1761274896297 338.0 58
1761274896615 338.0 59
1761274896935 338.0 60
1761274897249 338.0 61
1761274897567 338.0 62
1761274897889 338.0 63
1761274898206 338.0 64
1761274898583 338.0 65
1761274898908 338.0 66
1761274899225 338.0 67
1761274899545 338.0 68
1761274899867 338.0 69
1761274900206 338.0 70
1761274900522 338.0 71
1761274900836 338.0 72
1761274901153 338.0 73
1761274901533 338.0 74
1761274901852 338.0 75
1761274902167 338.0 76
1761274902492 338.0 77
1761274902813 338.0 78
1761274903145 338.0 79
1761274903458 338.0 80
1761274903774 338.0 81
1761274904088 338.0 82
1761274904408 338.0 83
1761274904784 338.0 84
1761274905098 338.0 85
1761274905413 338.0 86
1761274905737 338.0 87
1761274906056 338.0 88
1761274906373 338.0 89
1761274906695 338.0 90
1761274907016 338.0 91
1761274907329 338.0 92
1761274907705 338.0 93
1761274908019 338.0 94
1761274908338 338.0 95
1761274908651 338.0 96
1761274908976 336.0 97
1761274909286 336.0 98
1761274909594 336.0 99
