1771507777468 21487.0 0
1771507878276 21487.0 1
1771507981326 21374.0 2
1771508087660 20446.0 3
1771508188441 20446.0 4
1771508288901 20446.0 5
1771508389916 20267.0 6
1771508492264 20267.0 7
1771508597432 20267.0 8
1771508703534 20267.0 9
1771508810624 20267.0 10
1771508917584 20267.0 11
1771509026836 20267.0 12
1771509136212 20267.0 13
1771509245855 20267.0 14
1771509356172 20267.0 15
1771509467414 20267.0 16
1771509579579 20267.0 17
1771509691432 20267.0 18
1771509810243 20267.0 19
1771509935716 20267.0 20
1771510061456 20267.0 21
1771510187374 20267.0 22
1771510313562 20267.0 23
1771510439814 20267.0 24
1771510566860 20267.0 25
1771510691578 20267.0 26
1771510810490 20267.0 27
1771510929924 20267.0 28
1771511049446 20267.0 29
1771511169271 20267.0 30
1771511287713 20267.0 31
1771511406667 20267.0 32
1771511525790 20267.0 33
1771511643981 20267.0 34
1771511763088 20267.0 35
1771511882537 20267.0 36
1771512008263 20267.0 37
1771512134519 20267.0 38
1771512261084 20267.0 39
1771512387232 20267.0 40
1771512512961 20267.0 41
1771512638746 20267.0 42
1771512764660 20267.0 43
1771512883627 20267.0 44
1771513002225 20267.0 45
1771513120670 20267.0 46
1771513238782 20267.0 47
1771513363297 20267.0 48
1771513489041 20267.0 49
1771513614567 20267.0 50
1771513739500 20267.0 51
1771513865363 20267.0 52
1771513991738 20267.0 53
1771514117843 20267.0 54
1771514239275 20267.0 55
1771514357776 20267.0 56
1771514476393 20267.0 57
1771514594569 20267.0 58
1771514712477 20267.0 59
1771514830843 20267.0 60
1771514949990 20267.0 61
1771515069598 20267.0 62
1771515187843 20267.0 63
1771515307172 20267.0 64
1771515425653 20267.0 65
1771515550616 20267.0 66
1771515674823 20267.0 67
1771515798871 20267.0 68
1771515923026 20267.0 69
1771516048629 20267.0 70
1771516173535 20267.0 71
1771516297944 20267.0 72
1771516417919 20267.0 73
1771516534465 20267.0 74
1771516651498 20267.0 75
1771516769272 20267.0 76
1771516891577 20267.0 77
1771517015479 20267.0 78
1771517140496 20267.0 79
1771517265964 20267.0 80
1771517391520 20267.0 81
1771517517436 20267.0 82
1771517641619 20267.0 83
1771517762734 20267.0 84
1771517880493 20267.0 85
1771517998892 20267.0 86
1771518116531 20267.0 87
1771518235472 20267.0 88
1771518353680 20267.0 89
1771518471252 20267.0 90
1771518589202 20267.0 91
1771518706967 20267.0 92
1771518825638 20267.0 93
1771518945250 20267.0 94
1771519062914 20267.0 95
1771519181221 20267.0 96
1771519298694 20267.0 97
1771519416235 20267.0 98
1771519533756 20267.0 99
