1761205655719 1600.0 0
1761205660227 1506.0 1
1761205664780 1506.0 2
1761205669422 1506.0 3
1761205674143 1506.0 4
1761205678891 1506.0 5
1761205683666 1506.0 6
1761205688481 1506.0 7
1761205693348 1506.0 8
1761205698302 1506.0 9
1761205703386 1506.0 10
1761205708466 1506.0 11
1761205713425 1506.0 12
1761205718392 1506.0 13
1761205723406 1506.0 14
1761205728434 1506.0 15
1761205733544 1506.0 16
1761205738602 1506.0 17
1761205743639 1506.0 18
1761205748668 1506.0 19
1761205753739 1506.0 20
1761205758753 1506.0 21
1761205763901 1506.0 22
1761205768917 1506.0 23
1761205773911 1506.0 24
1761205778919 1506.0 25
1761205784034 1506.0 26
1761205789126 1506.0 27
1761205794171 1506.0 28
1761205799145 1506.0 29
1761205804165 1506.0 30
1761205809165 1506.0 31
1761205814239 1506.0 32
1761205819271 1506.0 33
1761205824289 1506.0 34
1761205829221 1506.0 35
1761205834166 1506.0 36
1761205839123 1506.0 37
1761205844190 1506.0 38
1761205849205 1506.0 39
1761205854272 1506.0 40
1761205859311 1506.0 41
1761205864319 1506.0 42
1761205869328 1506.0 43
1761205874486 1506.0 44
1761205879497 1506.0 45
1761205884580 1506.0 46
1761205889669 1506.0 47
1761205894725 1506.0 48
1761205899751 1506.0 49
1761205904847 1506.0 50
1761205909919 1506.0 51
1761205914989 1506.0 52
1761205919978 1506.0 53
1761205925041 1506.0 54
1761205930147 1506.0 55
1761205935233 1506.0 56
1761205940331 1506.0 57
1761205945396 1506.0 58
1761205950484 1506.0 59
1761205955543 1506.0 60
1761205960672 1506.0 61
1761205965740 1506.0 62
1761205970868 1506.0 63
1761205975962 1506.0 64
1761205981040 1506.0 65
1761205986134 1506.0 66
1761205991187 1506.0 67
1761205996239 1506.0 68
1761206001301 1506.0 69
1761206006415 1506.0 70
1761206011531 1506.0 71
1761206016700 1506.0 72
1761206021818 1506.0 73
1761206026900 1506.0 74
1761206032009 1506.0 75
1761206037074 1506.0 76
1761206042191 1506.0 77
1761206047322 1506.0 78
1761206052434 1506.0 79
1761206057517 1506.0 80
1761206062618 1506.0 81
1761206067732 1506.0 82
1761206072893 1506.0 83
1761206077983 1506.0 84
1761206083066 1506.0 85
1761206088146 1506.0 86
1761206093331 1506.0 87
1761206098468 1506.0 88
1761206103519 1506.0 89
1761206108561 1506.0 90
1761206113655 1506.0 91
1761206118748 1506.0 92
1761206123863 1506.0 93
1761206129028 1506.0 94
1761206134079 1506.0 95
1761206139132 1506.0 96
1761206144171 1506.0 97
1761206149199 1506.0 98
1761206154336 1506.0 99
