1772012982910 2938.0 0
1772012985140 2838.0 1
1772012987318 2836.0 2
1772012989503 2836.0 3
1772012991699 2836.0 4
1772012994000 2836.0 5
1772012996160 2736.0 6
1772012998336 2722.0 7
1772013000556 2622.0 8
1772013002755 2622.0 9
1772013004948 2622.0 10
1772013007211 2622.0 11
1772013009427 2622.0 12
1772013011603 2622.0 13
1772013013727 2622.0 14
1772013015943 2622.0 15
1772013018140 2622.0 16
1772013020332 2622.0 17
1772013022582 2622.0 18
1772013024912 2622.0 19
1772013027146 2622.0 20
1772013029396 2622.0 21
1772013031642 2622.0 22
1772013033912 2622.0 23
1772013036154 2622.0 24
1772013038410 2622.0 25
1772013040633 2622.0 26
1772013042880 2622.0 27
1772013045109 2622.0 28
1772013047355 2622.0 29
1772013049603 2622.0 30
1772013051794 2622.0 31
1772013054103 2531.0 32
1772013056405 2531.0 33
1772013058614 2531.0 34
1772013060817 2531.0 35
1772013063052 2424.0 36
1772013065280 2424.0 37
1772013067463 2324.0 38
1772013069658 2305.0 39
1772013071876 2117.0 40
1772013074250 2117.0 41
1772013076594 2117.0 42
1772013078863 2117.0 43
1772013081130 2117.0 44
1772013083382 2103.0 45
1772013085637 2095.0 46
1772013087829 2088.0 47
1772013090069 2088.0 48
1772013092348 1996.0 49
1772013094687 1996.0 50
1772013097045 1996.0 51
1772013099338 1996.0 52
1772013101533 1796.0 53
1772013103811 1796.0 54
1772013106070 1796.0 55
1772013108328 1796.0 56
1772013110590 1796.0 57
1772013112815 1796.0 58
1772013115196 1788.0 59
1772013117479 1788.0 60
1772013119708 1788.0 61
1772013121976 1690.0 62
1772013124279 1690.0 63
1772013126569 1690.0 64
1772013128896 1690.0 65
1772013131188 1690.0 66
1772013133579 1690.0 67
1772013135871 1490.0 68
1772013138174 1490.0 69
1772013140508 1490.0 70
1772013142871 1490.0 71
1772013145168 1400.0 72
1772013147448 1400.0 73
1772013149818 1400.0 74
1772013152180 1400.0 75
1772013154467 1400.0 76
1772013156789 1400.0 77
1772013159104 1300.0 78
1772013161364 1300.0 79
1772013163661 1294.0 80
1772013165923 1292.0 81
1772013168220 1292.0 82
1772013170559 1292.0 83
1772013172801 1292.0 84
1772013175113 1292.0 85
1772013177450 1192.0 86
1772013179818 1192.0 87
1772013182102 1192.0 88
1772013184335 1190.0 89
1772013186579 1190.0 90
1772013188847 1190.0 91
1772013191348 1090.0 92
1772013193660 990.0 93
1772013195966 896.0 94
1772013198258 896.0 95
1772013200626 896.0 96
1772013202877 896.0 97
1772013205197 896.0 98
1772013207491 896.0 99
