1761203874091 3123.0 0
1761203874979 3023.0 1
1761203875834 3023.0 2
1761203876687 3023.0 3
1761203877541 3023.0 4
1761203878392 3023.0 5
1761203879246 3023.0 6
1761203880090 2925.0 7
1761203880981 2825.0 8
1761203881850 2725.0 9
1761203882732 2725.0 10
1761203883593 2625.0 11
1761203884458 2625.0 12
1761203885344 2623.0 13
1761203886230 2530.0 14
1761203887107 2530.0 15
1761203887946 2530.0 16
1761203888814 2430.0 17
1761203889671 2430.0 18
1761203890543 2430.0 19
1761203891418 2430.0 20
1761203892277 2430.0 21
1761203893135 2430.0 22
1761203894020 2428.0 23
1761203894856 2356.0 24
1761203895711 2256.0 25
1761203896553 2256.0 26
1761203897398 2248.0 27
1761203898240 2148.0 28
1761203899068 2148.0 29
1761203899892 2148.0 30
1761203900725 2148.0 31
1761203901586 2148.0 32
1761203902421 2148.0 33
1761203903261 2148.0 34
1761203904076 2148.0 35
1761203904917 2148.0 36
1761203905772 2048.0 37
1761203906635 2048.0 38
1761203907490 1848.0 39
1761203908316 1848.0 40
1761203909193 1848.0 41
1761203910050 1848.0 42
1761203910894 1848.0 43
1761203911733 1848.0 44
1761203912569 1848.0 45
1761203913402 1748.0 46
1761203914254 1748.0 47
1761203915091 1748.0 48
1761203915930 1748.0 49
1761203916797 1748.0 50
1761203917640 1748.0 51
1761203918482 1648.0 52
1761203919319 1648.0 53
1761203920157 1648.0 54
1761203920988 1639.0 55
1761203921829 1639.0 56
1761203922679 1639.0 57
1761203923531 1639.0 58
1761203924389 1633.0 59
1761203925228 1633.0 60
1761203926071 1633.0 61
1761203926953 1633.0 62
1761203927832 1633.0 63
1761203928667 1633.0 64
1761203929518 1533.0 65
1761203930365 1533.0 66
1761203931231 1533.0 67
1761203932081 1533.0 68
1761203932971 1533.0 69
1761203933832 1533.0 70
1761203934688 1533.0 71
1761203935548 1533.0 72
1761203936415 1533.0 73
1761203937343 1533.0 74
1761203938220 1533.0 75
1761203939056 1533.0 76
1761203939921 1533.0 77
1761203940799 1533.0 78
1761203941628 1533.0 79
1761203942487 1533.0 80
1761203943343 1533.0 81
1761203944213 1533.0 82
1761203945113 1533.0 83
1761203946007 1533.0 84
1761203946888 1533.0 85
1761203947771 1533.0 86
1761203948664 1533.0 87
1761203949540 1533.0 88
1761203950416 1533.0 89
1761203951275 1533.0 90
1761203952144 1533.0 91
1761203953010 1533.0 92
1761203953887 1533.0 93
1761203954753 1533.0 94
1761203955632 1533.0 95
1761203956505 1533.0 96
1761203957380 1533.0 97
1761203958256 1533.0 98
1761203959148 1525.0 99
