1761208317149 2187.0 0
1761208317757 2187.0 1
1761208318354 2101.0 2
1761208318954 2001.0 3
1761208319554 2001.0 4
1761208320158 1988.0 5
1761208320760 1882.0 6
1761208321352 1882.0 7
1761208321949 1882.0 8
1761208322549 1882.0 9
1761208323162 1882.0 10
1761208323758 1878.0 11
1761208324354 1782.0 12
1761208324940 1782.0 13
1761208325518 1782.0 14
1761208326089 1782.0 15
1761208326683 1782.0 16
1761208327266 1782.0 17
1761208327846 1782.0 18
1761208328438 1779.0 19
1761208329003 1779.0 20
1761208329590 1676.0 21
1761208330148 1676.0 22
1761208330737 1568.0 23
1761208331324 1468.0 24
1761208331895 1468.0 25
1761208332480 1468.0 26
1761208333074 1468.0 27
1761208333671 1468.0 28
1761208334253 1468.0 29
1761208334844 1451.0 30
1761208335430 1451.0 31
1761208336010 1451.0 32
1761208336583 1451.0 33
1761208337170 1451.0 34
1761208337776 1451.0 35
1761208338350 1451.0 36
1761208338926 1451.0 37
1761208339513 1451.0 38
1761208340090 1360.0 39
1761208340670 1260.0 40
1761208341243 1260.0 41
1761208341822 1260.0 42
1761208342407 1260.0 43
1761208342984 1260.0 44
1761208343598 1260.0 45
1761208344195 1260.0 46
1761208344803 1260.0 47
1761208345377 1260.0 48
1761208345968 1260.0 49
1761208346551 1260.0 50
1761208347141 1260.0 51
1761208347727 1260.0 52
1761208348309 1260.0 53
1761208348898 1260.0 54
1761208349485 1260.0 55
1761208350079 1173.0 56
1761208350675 1173.0 57
1761208351252 1144.0 58
1761208351842 1144.0 59
1761208352428 1144.0 60
1761208352987 1144.0 61
1761208353555 1144.0 62
1761208354136 1144.0 63
1761208354705 1144.0 64
1761208355280 1144.0 65
1761208355918 1144.0 66
1761208356505 1144.0 67
1761208357087 1144.0 68
1761208357660 1144.0 69
1761208358232 1144.0 70
1761208358822 1144.0 71
1761208359394 1144.0 72
1761208359981 1144.0 73
1761208360555 1144.0 74
1761208361130 1064.0 75
1761208361716 1064.0 76
1761208362281 1064.0 77
1761208362857 1064.0 78
1761208363442 1046.0 79
1761208364022 1046.0 80
1761208364614 1046.0 81
1761208365197 1046.0 82
1761208365791 1038.0 83
1761208366382 1038.0 84
1761208366952 1038.0 85
1761208367533 1038.0 86
1761208368124 1038.0 87
1761208368714 1038.0 88
1761208369301 938.0 89
1761208369883 938.0 90
1761208370462 938.0 91
1761208371044 938.0 92
1761208371634 938.0 93
1761208372206 938.0 94
1761208372807 838.0 95
1761208373401 738.0 96
1761208374014 738.0 97
1761208374615 738.0 98
1761208375215 738.0 99
