1761208978082 1399.0 0
1761208982481 1399.0 1
1761208986896 1126.0 2
1761208991359 1126.0 3
1761208996039 1126.0 4
1761209000788 1126.0 5
1761209005485 1126.0 6
1761209010292 1126.0 7
1761209015059 1126.0 8
1761209019852 1126.0 9
1761209024726 1126.0 10
1761209029667 1126.0 11
1761209034572 1126.0 12
1761209039465 1126.0 13
1761209044451 1126.0 14
1761209049381 1126.0 15
1761209054427 1126.0 16
1761209059517 1126.0 17
1761209064488 1126.0 18
1761209069497 1126.0 19
1761209074561 1126.0 20
1761209079605 1126.0 21
1761209084680 1126.0 22
1761209089691 1126.0 23
1761209094802 1126.0 24
1761209099856 1126.0 25
1761209104941 1126.0 26
1761209110076 1126.0 27
1761209115158 1126.0 28
1761209120197 1126.0 29
1761209125276 1126.0 30
1761209130436 1126.0 31
1761209135619 1126.0 32
1761209140818 1126.0 33
1761209145959 1126.0 34
1761209151082 1126.0 35
1761209156222 1126.0 36
1761209161327 1126.0 37
1761209166529 1126.0 38
1761209171631 1126.0 39
1761209176680 1126.0 40
1761209181747 1126.0 41
1761209186846 1126.0 42
1761209192044 1126.0 43
1761209197260 1126.0 44
1761209202379 1126.0 45
1761209207512 1126.0 46
1761209212633 1126.0 47
1761209217699 1126.0 48
1761209222783 1126.0 49
1761209227952 1126.0 50
1761209233104 1126.0 51
1761209238203 1126.0 52
1761209243377 1126.0 53
1761209248528 1126.0 54
1761209253730 1126.0 55
1761209258908 1126.0 56
1761209264058 1126.0 57
1761209269184 1126.0 58
1761209274314 1126.0 59
1761209279483 1126.0 60
1761209284798 1126.0 61
1761209289989 1126.0 62
1761209295285 1126.0 63
1761209300491 1126.0 64
1761209305924 1126.0 65
1761209311226 1126.0 66
1761209316465 1126.0 67
1761209321851 1126.0 68
1761209327200 1126.0 69
1761209332664 1126.0 70
1761209337746 1126.0 71
1761209342916 1126.0 72
1761209348002 1126.0 73
1761209353180 1126.0 74
1761209358295 1126.0 75
1761209363406 1126.0 76
1761209368575 1126.0 77
1761209373690 1126.0 78
1761209378802 1126.0 79
1761209383946 1126.0 80
1761209388981 1126.0 81
1761209394027 1126.0 82
1761209399071 1126.0 83
1761209404067 1126.0 84
1761209409144 1126.0 85
1761209414259 1126.0 86
1761209419269 1126.0 87
1761209424367 1126.0 88
1761209429428 1126.0 89
1761209434501 1126.0 90
1761209439556 1126.0 91
1761209444694 1126.0 92
1761209449726 1126.0 93
1761209454825 1126.0 94
1761209459830 1126.0 95
1761209464868 1126.0 96
1761209469877 1126.0 97
1761209474961 1126.0 98
1761209480003 1126.0 99
