1761205038073 1707.0 0
1761205038462 1527.0 1
1761205038840 1013.0 2
1761205039241 1013.0 3
1761205039662 906.0 4
1761205040102 806.0 5
1761205040538 711.0 6
1761205040970 611.0 7
1761205041405 611.0 8
1761205041842 611.0 9
1761205042282 611.0 10
1761205042719 611.0 11
1761205043166 611.0 12
1761205043639 611.0 13
1761205044073 611.0 14
1761205044513 611.0 15
1761205044937 611.0 16
1761205045381 511.0 17
1761205045830 511.0 18
1761205046278 511.0 19
1761205046733 501.0 20
1761205047200 501.0 21
1761205047644 499.0 22
1761205048105 494.0 23
1761205048546 494.0 24
1761205049033 494.0 25
1761205049474 492.0 26
1761205049924 484.0 27
1761205050357 476.0 28
1761205050787 470.0 29
1761205051246 470.0 30
1761205051667 470.0 31
1761205052096 470.0 32
1761205052529 470.0 33
1761205052960 469.0 34
1761205053386 469.0 35
1761205053809 469.0 36
1761205054283 469.0 37
1761205054719 469.0 38
1761205055143 469.0 39
1761205055571 469.0 40
1761205055993 463.0 41
1761205056417 457.0 42
1761205056831 457.0 43
1761205057248 457.0 44
1761205057674 457.0 45
1761205058097 457.0 46
1761205058515 457.0 47
1761205058918 457.0 48
1761205059382 457.0 49
1761205059783 457.0 50
1761205060207 457.0 51
1761205060648 457.0 52
1761205061077 457.0 53
1761205061504 457.0 54
1761205061915 457.0 55
1761205062328 457.0 56
1761205062747 455.0 57
1761205063145 455.0 58
1761205063544 455.0 59
1761205063953 455.0 60
1761205064406 455.0 61
1761205064818 455.0 62
1761205065227 455.0 63
1761205065639 455.0 64
1761205066055 455.0 65
1761205066458 455.0 66
1761205066872 455.0 67
1761205067282 455.0 68
1761205067682 455.0 69
1761205068082 455.0 70
1761205068501 455.0 71
1761205068901 355.0 72
1761205069359 355.0 73
1761205069763 355.0 74
1761205070164 255.0 75
1761205070582 255.0 76
1761205070995 255.0 77
1761205071413 255.0 78
1761205071828 255.0 79
1761205072247 255.0 80
1761205072661 255.0 81
1761205073077 255.0 82
1761205073490 255.0 83
1761205073916 255.0 84
1761205074420 255.0 85
1761205074830 255.0 86
1761205075244 255.0 87
1761205075676 255.0 88
1761205076094 255.0 89
1761205076526 255.0 90
1761205076945 255.0 91
1761205077361 255.0 92
1761205077776 255.0 93
1761205078208 255.0 94
1761205078631 255.0 95
1761205079063 255.0 96
1761205079526 255.0 97
1761205079945 255.0 98
1761205080368 255.0 99
