1771426945582 21015.0 0
1771426957537 21015.0 1
1771426968302 21015.0 2
1771426979262 21015.0 3
1771426990302 21015.0 4
1771427001430 21015.0 5
1771427012373 21015.0 6
1771427023141 21015.0 7
1771427034179 21015.0 8
1771427045264 21015.0 9
1771427056214 21015.0 10
1771427067152 21015.0 11
1771427078138 21015.0 12
1771427089059 21015.0 13
1771427100078 21015.0 14
1771427111064 21015.0 15
1771427121962 21015.0 16
1771427132960 21015.0 17
1771427143794 21015.0 18
1771427154639 21015.0 19
1771427165455 21015.0 20
1771427176469 21015.0 21
1771427187634 21015.0 22
1771427198642 21015.0 23
1771427209643 21015.0 24
1771427220428 21015.0 25
1771427231503 21015.0 26
1771427242639 21015.0 27
1771427253773 21015.0 28
1771427264822 21015.0 29
1771427275731 21015.0 30
1771427286596 21015.0 31
1771427297556 21015.0 32
1771427308610 21015.0 33
1771427319481 21015.0 34
1771427330426 21015.0 35
1771427341478 21015.0 36
1771427352434 21015.0 37
1771427363522 21015.0 38
1771427374271 21015.0 39
1771427385338 21015.0 40
1771427396477 21015.0 41
1771427407286 21015.0 42
1771427418190 21015.0 43
1771427428927 21015.0 44
1771427439623 21015.0 45
1771427450464 21015.0 46
1771427461415 21015.0 47
1771427472491 21015.0 48
1771427483161 21015.0 49
1771427494267 21015.0 50
1771427505226 21015.0 51
1771427516004 21015.0 52
1771427526820 21015.0 53
1771427537789 21015.0 54
1771427548689 21015.0 55
1771427559683 21015.0 56
1771427570705 21015.0 57
1771427581655 21015.0 58
1771427592815 21015.0 59
1771427603955 21015.0 60
1771427615251 21015.0 61
1771427626396 21015.0 62
1771427637194 21015.0 63
1771427648257 21015.0 64
1771427659257 21015.0 65
1771427670188 21015.0 66
1771427681214 21015.0 67
1771427691902 21015.0 68
1771427702925 21015.0 69
1771427713914 21015.0 70
1771427724984 21015.0 71
1771427735847 21015.0 72
1771427746990 21015.0 73
1771427758000 21015.0 74
1771427769295 21015.0 75
1771427780409 21015.0 76
1771427791181 21015.0 77
1771427802289 21015.0 78
1771427813329 21015.0 79
1771427824235 21015.0 80
1771427835126 21015.0 81
1771427846164 21015.0 82
1771427856614 21015.0 83
1771427867053 21015.0 84
1771427877552 21015.0 85
1771427887901 21015.0 86
1771427898526 21015.0 87
1771427909171 21015.0 88
1771427919544 21015.0 89
1771427930136 21015.0 90
1771427940587 21015.0 91
1771427951378 21015.0 92
1771427961998 21015.0 93
1771427972703 21015.0 94
1771427983354 21015.0 95
1771427993740 21015.0 96
1771428004359 21015.0 97
1771428015039 21015.0 98
1771428025722 21015.0 99
