1761206179702 1961.0 0
1761206180021 1771.0 1
1761206180374 1465.0 2
1761206180733 1265.0 3
1761206181092 1073.0 4
1761206181462 965.0 5
1761206181825 873.0 6
1761206182193 865.0 7
1761206182613 865.0 8
1761206182970 860.0 9
1761206183330 860.0 10
1761206183702 860.0 11
1761206184071 858.0 12
1761206184442 858.0 13
1761206184804 858.0 14
1761206185173 858.0 15
1761206185541 858.0 16
1761206185961 758.0 17
1761206186335 758.0 18
1761206186703 756.0 19
1761206187058 656.0 20
1761206187399 656.0 21
1761206187739 564.0 22
1761206188075 564.0 23
1761206188418 564.0 24
1761206188761 564.0 25
1761206189102 456.0 26
1761206189482 455.0 27
1761206189820 455.0 28
1761206190152 453.0 29
1761206190482 453.0 30
1761206190814 453.0 31
1761206191145 451.0 32
1761206191467 451.0 33
1761206191794 451.0 34
1761206192116 451.0 35
1761206192487 451.0 36
1761206192806 451.0 37
1761206193125 451.0 38
1761206193440 444.0 39
1761206193756 444.0 40
1761206194077 444.0 41
1761206194395 444.0 42
1761206194712 444.0 43
1761206195035 444.0 44
1761206195421 444.0 45
1761206195741 444.0 46
1761206196065 444.0 47
1761206196389 444.0 48
1761206196712 444.0 49
1761206197038 444.0 50
1761206197361 444.0 51
1761206197683 444.0 52
1761206198005 444.0 53
1761206198323 444.0 54
1761206198698 444.0 55
1761206199026 444.0 56
1761206199351 444.0 57
1761206199672 444.0 58
1761206199996 444.0 59
1761206200319 444.0 60
1761206200642 444.0 61
1761206200970 444.0 62
1761206201294 444.0 63
1761206201677 444.0 64
1761206201999 442.0 65
1761206202320 442.0 66
1761206202647 442.0 67
1761206202972 442.0 68
1761206203296 442.0 69
1761206203621 442.0 70
1761206203942 442.0 71
1761206204269 442.0 72
1761206204593 442.0 73
1761206204967 442.0 74
1761206205286 442.0 75
1761206205606 442.0 76
1761206205925 442.0 77
1761206206244 442.0 78
1761206206568 442.0 79
1761206206889 442.0 80
1761206207207 442.0 81
1761206207524 442.0 82
1761206207896 442.0 83
1761206208223 442.0 84
1761206208545 442.0 85
1761206208869 442.0 86
1761206209188 442.0 87
1761206209509 442.0 88
1761206209832 436.0 89
1761206210153 436.0 90
1761206210475 436.0 91
1761206210800 436.0 92
1761206211176 436.0 93
1761206211499 436.0 94
1761206211819 436.0 95
1761206212143 436.0 96
1761206212468 436.0 97
1761206212795 336.0 98
1761206213121 336.0 99
