1761268827817 1595.0 0
1761268828149 1399.0 1
1761268828515 1104.0 2
1761268828888 793.0 3
1761268829259 788.0 4
1761268829650 688.0 5
1761268830024 588.0 6
1761268830412 586.0 7
1761268830789 586.0 8
1761268831157 586.0 9
1761268831520 586.0 10
1761268831937 579.0 11
1761268832301 577.0 12
1761268832658 572.0 13
1761268833001 570.0 14
1761268833340 570.0 15
1761268833680 470.0 16
1761268834028 470.0 17
1761268834380 470.0 18
1761268834729 470.0 19
1761268835072 470.0 20
1761268835428 470.0 21
1761268835774 470.0 22
1761268836179 470.0 23
1761268836537 470.0 24
1761268836889 470.0 25
1761268837237 470.0 26
1761268837596 468.0 27
1761268837950 468.0 28
1761268838297 468.0 29
1761268838650 468.0 30
1761268838996 468.0 31
1761268839353 468.0 32
1761268839692 468.0 33
1761268840033 468.0 34
1761268840429 468.0 35
1761268840783 468.0 36
1761268841127 468.0 37
1761268841479 468.0 38
1761268841831 466.0 39
1761268842162 466.0 40
1761268842495 466.0 41
1761268842822 466.0 42
1761268843158 466.0 43
1761268843489 466.0 44
1761268843824 366.0 45
1761268844158 366.0 46
1761268844556 366.0 47
1761268844904 366.0 48
1761268845253 366.0 49
1761268845596 366.0 50
1761268845937 364.0 51
1761268846293 359.0 52
1761268846638 357.0 53
1761268846987 357.0 54
1761268847317 357.0 55
1761268847655 357.0 56
1761268847995 257.0 57
1761268848325 257.0 58
1761268848706 257.0 59
1761268849047 257.0 60
1761268849386 257.0 61
1761268849727 257.0 62
1761268850075 257.0 63
1761268850425 257.0 64
1761268850771 257.0 65
1761268851120 257.0 66
1761268851472 257.0 67
1761268851831 257.0 68
1761268852183 257.0 69
1761268852538 257.0 70
1761268852937 257.0 71
1761268853290 257.0 72
1761268853642 257.0 73
1761268853991 257.0 74
1761268854339 257.0 75
1761268854693 257.0 76
1761268855045 255.0 77
1761268855397 255.0 78
1761268855742 255.0 79
1761268856085 255.0 80
1761268856434 255.0 81
1761268856780 255.0 82
1761268857173 255.0 83
1761268857509 255.0 84
1761268857846 255.0 85
1761268858190 255.0 86
1761268858530 255.0 87
1761268858865 255.0 88
1761268859205 255.0 89
1761268859535 255.0 90
1761268859860 255.0 91
1761268860183 255.0 92
1761268860505 255.0 93
1761268860828 255.0 94
1761268861206 255.0 95
1761268861524 255.0 96
1761268861844 255.0 97
1761268862159 255.0 98
1761268862486 255.0 99
