1771818506718 3134.0 0
1771818508915 3134.0 1
1771818511079 3134.0 2
1771818513232 3042.0 3
1771818515407 2937.0 4
1771818517570 2937.0 5
1771818519683 2737.0 6
1771818521909 2737.0 7
1771818524124 2737.0 8
1771818526296 2737.0 9
1771818528419 2735.0 10
1771818530554 2735.0 11
1771818532773 2735.0 12
1771818534966 2735.0 13
1771818537201 2727.0 14
1771818539327 2656.0 15
1771818541527 2656.0 16
1771818543694 2627.0 17
1771818545822 2627.0 18
1771818547967 2627.0 19
1771818550101 2527.0 20
1771818552340 2527.0 21
1771818554491 2419.0 22
1771818556656 2312.0 23
1771818558834 2312.0 24
1771818561013 2112.0 25
1771818563140 2001.0 26
1771818565320 2001.0 27
1771818567472 2001.0 28
1771818569740 2001.0 29
1771818571885 2001.0 30
1771818574039 1901.0 31
1771818576236 1901.0 32
1771818578401 1901.0 33
1771818580574 1901.0 34
1771818582679 1801.0 35
1771818584840 1801.0 36
1771818587087 1801.0 37
1771818589221 1801.0 38
1771818591428 1801.0 39
1771818593615 1801.0 40
1771818595774 1801.0 41
1771818597928 1801.0 42
1771818600135 1801.0 43
1771818602295 1801.0 44
1771818604485 1801.0 45
1771818606751 1801.0 46
1771818608909 1801.0 47
1771818611072 1801.0 48
1771818613295 1801.0 49
1771818615457 1801.0 50
1771818617624 1801.0 51
1771818619829 1801.0 52
1771818622003 1801.0 53
1771818624260 1801.0 54
1771818626429 1801.0 55
1771818628627 1801.0 56
1771818630871 1801.0 57
1771818632986 1801.0 58
1771818635179 1801.0 59
1771818637360 1801.0 60
1771818639644 1801.0 61
1771818641813 1801.0 62
1771818643962 1801.0 63
1771818646120 1801.0 64
1771818648296 1801.0 65
1771818650443 1801.0 66
1771818652608 1801.0 67
1771818654797 1801.0 68
1771818656963 1801.0 69
1771818659265 1801.0 70
1771818661506 1793.0 71
1771818663686 1718.0 72
1771818665891 1718.0 73
1771818668118 1718.0 74
1771818670291 1718.0 75
1771818672483 1718.0 76
1771818674683 1718.0 77
1771818676901 1718.0 78
1771818679265 1718.0 79
1771818681487 1530.0 80
1771818683741 1530.0 81
1771818685935 1530.0 82
1771818688065 1530.0 83
1771818690208 1530.0 84
1771818692363 1530.0 85
1771818694549 1530.0 86
1771818696788 1530.0 87
1771818698973 1530.0 88
1771818701173 1508.0 89
1771818703338 1508.0 90
1771818705500 1508.0 91
1771818707653 1508.0 92
1771818709855 1508.0 93
1771818711993 1408.0 94
1771818714125 1401.0 95
1771818716411 1401.0 96
1771818718592 1401.0 97
1771818720788 1401.0 98
1771818722975 1401.0 99
