1761268768452 1775.0 0
1761268769030 1767.0 1
1761268769613 1667.0 2
1761268770192 1667.0 3
1761268770771 1667.0 4
1761268771351 1667.0 5
1761268771943 1667.0 6
1761268772517 1667.0 7
1761268773115 1667.0 8
1761268773715 1667.0 9
1761268774311 1580.0 10
1761268774899 1580.0 11
1761268775492 1480.0 12
1761268776096 1480.0 13
1761268776694 1480.0 14
1761268777295 1480.0 15
1761268777897 1480.0 16
1761268778472 1380.0 17
1761268779044 1380.0 18
1761268779626 1280.0 19
1761268780223 1280.0 20
1761268780810 1280.0 21
1761268781390 1280.0 22
1761268781976 1280.0 23
1761268782555 1180.0 24
1761268783153 1180.0 25
1761268783746 1172.0 26
1761268784343 1172.0 27
1761268784900 1172.0 28
1761268785462 1072.0 29
1761268786054 1072.0 30
1761268786635 1072.0 31
1761268787220 1072.0 32
1761268787807 1072.0 33
1761268788380 1072.0 34
1761268788946 1072.0 35
1761268789526 1072.0 36
1761268790112 977.0 37
1761268790708 977.0 38
1761268791300 877.0 39
1761268791863 872.0 40
1761268792449 872.0 41
1761268793037 872.0 42
1761268793641 865.0 43
1761268794259 865.0 44
1761268794855 865.0 45
1761268795454 865.0 46
1761268796035 765.0 47
1761268796645 765.0 48
1761268797250 765.0 49
1761268797840 765.0 50
1761268798431 765.0 51
1761268799014 765.0 52
1761268799610 765.0 53
1761268800193 765.0 54
1761268800793 765.0 55
1761268801399 765.0 56
1761268801996 765.0 57
1761268802610 706.0 58
1761268803202 606.0 59
1761268803808 606.0 60
1761268804450 606.0 61
1761268805072 606.0 62
1761268805702 606.0 63
1761268806321 606.0 64
1761268806947 606.0 65
1761268807559 606.0 66
1761268808190 606.0 67
1761268808782 606.0 68
1761268809375 606.0 69
1761268809969 606.0 70
1761268810565 606.0 71
1761268811162 606.0 72
1761268811768 606.0 73
1761268812354 606.0 74
1761268812939 606.0 75
1761268813519 606.0 76
1761268814113 606.0 77
1761268814715 606.0 78
1761268815345 606.0 79
1761268815957 606.0 80
1761268816585 606.0 81
1761268817201 606.0 82
1761268817787 606.0 83
1761268818372 606.0 84
1761268818982 606.0 85
1761268819590 606.0 86
1761268820211 606.0 87
1761268820818 606.0 88
1761268821425 606.0 89
1761268822021 606.0 90
1761268822616 606.0 91
1761268823214 606.0 92
1761268823852 606.0 93
1761268824458 606.0 94
1761268825045 606.0 95
1761268825647 606.0 96
1761268826266 606.0 97
1761268826861 606.0 98
1761268827467 606.0 99
