1761196874511 2111.0 0
1761196879266 1833.0 1
1761196884544 1833.0 2
1761196890186 1833.0 3
1761196895491 1267.0 4
1761196900227 1267.0 5
1761196904696 1267.0 6
1761196909309 1267.0 7
1761196913790 1267.0 8
1761196918510 1267.0 9
1761196923567 1189.0 10
1761196929018 1189.0 11
1761196934361 1189.0 12
1761196939508 1189.0 13
1761196944709 1189.0 14
1761196950091 1189.0 15
1761196955550 1189.0 16
1761196961029 1189.0 17
1761196966385 1189.0 18
1761196971709 1189.0 19
1761196976946 1189.0 20
1761196982196 1189.0 21
1761196987575 1189.0 22
1761196992839 1189.0 23
1761196998063 1189.0 24
1761197003279 1189.0 25
1761197008509 1189.0 26
1761197013849 1189.0 27
1761197019235 1189.0 28
1761197024550 1189.0 29
1761197029803 1189.0 30
1761197035052 1189.0 31
1761197040309 1189.0 32
1761197045748 1189.0 33
1761197051516 1189.0 34
1761197056844 1189.0 35
1761197061901 1189.0 36
1761197066925 1189.0 37
1761197071916 1189.0 38
1761197076895 1189.0 39
1761197081974 1189.0 40
1761197086982 1189.0 41
1761197091977 1189.0 42
1761197096996 1189.0 43
1761197101973 1189.0 44
1761197106970 1189.0 45
1761197112045 1189.0 46
1761197117538 1189.0 47
1761197123149 1189.0 48
1761197128709 1189.0 49
1761197134495 1189.0 50
1761197140301 1189.0 51
1761197146350 1189.0 52
1761197152922 1189.0 53
1761197159362 1189.0 54
1761197165992 1189.0 55
1761197172383 1189.0 56
1761197178878 1189.0 57
1761197185290 1189.0 58
1761197191671 1189.0 59
1761197197818 1189.0 60
1761197204493 1189.0 61
1761197211060 1189.0 62
1761197217689 1189.0 63
1761197224376 1189.0 64
1761197231054 1189.0 65
1761197237506 1189.0 66
1761197244098 1189.0 67
1761197250656 1189.0 68
1761197257033 1189.0 69
1761197263383 1189.0 70
1761197269852 1189.0 71
1761197276291 1189.0 72
1761197282871 1189.0 73
1761197289298 1189.0 74
1761197295676 1189.0 75
1761197301963 1189.0 76
1761197308410 1189.0 77
1761197314822 1189.0 78
1761197321382 1189.0 79
1761197327818 1189.0 80
1761197334172 1189.0 81
1761197340515 1189.0 82
1761197347265 1189.0 83
1761197353776 1189.0 84
1761197360245 1189.0 85
1761197367113 1189.0 86
1761197373458 1189.0 87
1761197379005 1189.0 88
1761197384630 1189.0 89
1761197390277 1189.0 90
1761197395977 1189.0 91
1761197401701 1189.0 92
1761197407410 1189.0 93
1761197412983 1189.0 94
1761197418432 1189.0 95
1761197423836 1189.0 96
1761197429316 1189.0 97
1761197434728 1189.0 98
1761197440196 1189.0 99
