1761210666684 1839.0 0
1761210667250 1839.0 1
1761210667828 1639.0 2
1761210668409 1639.0 3
1761210668988 1639.0 4
1761210669574 1537.0 5
1761210670156 1537.0 6
1761210670751 1537.0 7
1761210671353 1537.0 8
1761210671940 1535.0 9
1761210672554 1535.0 10
1761210673155 1535.0 11
1761210673746 1507.0 12
1761210674355 1399.0 13
1761210674945 1391.0 14
1761210675534 1285.0 15
1761210676139 1285.0 16
1761210676737 1185.0 17
1761210677332 1185.0 18
1761210677910 1183.0 19
1761210678505 1183.0 20
1761210679097 1183.0 21
1761210679688 1183.0 22
1761210680295 1183.0 23
1761210680910 1080.0 24
1761210681523 980.0 25
1761210682126 880.0 26
1761210682734 880.0 27
1761210683332 880.0 28
1761210683923 880.0 29
1761210684519 875.0 30
1761210685114 875.0 31
1761210685713 875.0 32
1761210686322 875.0 33
1761210686935 875.0 34
1761210687554 875.0 35
1761210688166 875.0 36
1761210688764 773.0 37
1761210689369 773.0 38
1761210689976 773.0 39
1761210690599 773.0 40
1761210691199 771.0 41
1761210691813 771.0 42
1761210692436 681.0 43
1761210693056 681.0 44
1761210693667 681.0 45
1761210694295 681.0 46
1761210694915 671.0 47
1761210695513 671.0 48
1761210696132 671.0 49
1761210696761 571.0 50
1761210697380 565.0 51
1761210698009 559.0 52
1761210698610 559.0 53
1761210699241 559.0 54
1761210699825 559.0 55
1761210700438 559.0 56
1761210701034 559.0 57
1761210701653 459.0 58
1761210702247 459.0 59
1761210702892 457.0 60
1761210703504 457.0 61
1761210704115 457.0 62
1761210704720 457.0 63
1761210705333 457.0 64
1761210705950 457.0 65
1761210706573 457.0 66
1761210707187 457.0 67
1761210707783 457.0 68
1761210708401 457.0 69
1761210709004 457.0 70
1761210709614 457.0 71
1761210710216 457.0 72
1761210710833 457.0 73
1761210711464 457.0 74
1761210712085 457.0 75
1761210712740 457.0 76
1761210713364 457.0 77
1761210714001 457.0 78
1761210714618 457.0 79
1761210715241 457.0 80
1761210715869 457.0 81
1761210716489 457.0 82
1761210717107 457.0 83
1761210717724 457.0 84
1761210718331 457.0 85
1761210718936 457.0 86
1761210719544 457.0 87
1761210720158 457.0 88
1761210720767 457.0 89
1761210721370 457.0 90
1761210721985 457.0 91
1761210722607 457.0 92
1761210723220 457.0 93
1761210723866 457.0 94
1761210724493 457.0 95
1761210725111 457.0 96
1761210725730 457.0 97
1761210726357 457.0 98
1761210726974 457.0 99
