1761211081694 3026.0 0
1761211082107 2413.0 1
1761211082518 2309.0 2
1761211082903 2101.0 3
1761211083279 1901.0 4
1761211083663 1801.0 5
1761211084044 1801.0 6
1761211084474 1801.0 7
1761211084878 1801.0 8
1761211085285 1701.0 9
1761211085679 1701.0 10
1761211086075 1701.0 11
1761211086472 1601.0 12
1761211086856 1506.0 13
1761211087250 1406.0 14
1761211087657 1406.0 15
1761211088123 1406.0 16
1761211088519 1406.0 17
1761211088927 1406.0 18
1761211089322 1406.0 19
1761211089727 1306.0 20
1761211090139 1206.0 21
1761211090553 1206.0 22
1761211090975 1206.0 23
1761211091434 1106.0 24
1761211091844 1106.0 25
1761211092248 1106.0 26
1761211092647 1006.0 27
1761211093047 999.0 28
1761211093438 999.0 29
1761211093836 999.0 30
1761211094219 999.0 31
1761211094659 999.0 32
1761211095046 999.0 33
1761211095441 999.0 34
1761211095826 999.0 35
1761211096217 999.0 36
1761211096602 899.0 37
1761211096995 899.0 38
1761211097386 899.0 39
1761211097842 899.0 40
1761211098239 899.0 41
1761211098630 899.0 42
1761211099025 899.0 43
1761211099420 899.0 44
1761211099814 899.0 45
1761211100223 899.0 46
1761211100622 899.0 47
1761211101022 899.0 48
1761211101469 899.0 49
1761211101855 899.0 50
1761211102242 899.0 51
1761211102644 899.0 52
1761211103046 899.0 53
1761211103445 899.0 54
1761211103834 899.0 55
1761211104224 899.0 56
1761211104657 899.0 57
1761211105052 899.0 58
1761211105446 899.0 59
1761211105848 899.0 60
1761211106251 897.0 61
1761211106644 897.0 62
1761211107042 797.0 63
1761211107436 797.0 64
1761211107863 797.0 65
1761211108252 797.0 66
1761211108650 797.0 67
1761211109038 797.0 68
1761211109428 797.0 69
1761211109812 796.0 70
1761211110211 789.0 71
1761211110588 789.0 72
1761211111012 784.0 73
1761211111386 784.0 74
1761211111764 784.0 75
1761211112141 784.0 76
1761211112520 784.0 77
1761211112905 784.0 78
1761211113283 784.0 79
1761211113653 784.0 80
1761211114038 784.0 81
1761211114458 784.0 82
1761211114833 784.0 83
1761211115217 784.0 84
1761211115590 784.0 85
1761211115970 784.0 86
1761211116354 784.0 87
1761211116725 784.0 88
1761211117097 784.0 89
1761211117522 784.0 90
1761211117894 784.0 91
1761211118281 778.0 92
1761211118655 778.0 93
1761211119026 678.0 94
1761211119398 678.0 95
1761211119777 678.0 96
1761211120143 678.0 97
1761211120579 678.0 98
1761211120961 678.0 99
