1761195240784 3227.0 0
1761195241255 3227.0 1
1761195241663 3227.0 2
1761195242077 3227.0 3
1761195242470 3227.0 4
1761195242860 3227.0 5
1761195243253 3227.0 6
1761195243648 3227.0 7
1761195244035 3227.0 8
1761195244427 3227.0 9
1761195244818 3227.0 10
1761195245212 3227.0 11
1761195245606 3227.0 12
1761195246002 3227.0 13
1761195246398 3227.0 14
1761195246793 3227.0 15
1761195247183 3227.0 16
1761195247581 3227.0 17
1761195247974 3227.0 18
1761195248384 3227.0 19
1761195248773 3227.0 20
1761195249170 3227.0 21
1761195249564 3227.0 22
1761195249961 3227.0 23
1761195250360 3227.0 24
1761195250760 3227.0 25
1761195251165 3227.0 26
1761195251570 3227.0 27
1761195251972 3227.0 28
1761195252367 3227.0 29
1761195252767 3227.0 30
1761195253171 3227.0 31
1761195253568 3227.0 32
1761195254014 3227.0 33
1761195254418 3227.0 34
1761195254814 3227.0 35
1761195255210 3227.0 36
1761195255603 3227.0 37
1761195256000 3227.0 38
1761195256406 3227.0 39
1761195256805 3227.0 40
1761195257203 3227.0 41
1761195257598 3227.0 42
1761195258000 3227.0 43
1761195258396 3227.0 44
1761195258795 3227.0 45
1761195259199 3227.0 46
1761195259595 3227.0 47
1761195260001 3227.0 48
1761195260384 3227.0 49
1761195260783 3227.0 50
1761195261176 3227.0 51
1761195261577 3227.0 52
1761195261990 3227.0 53
1761195262401 3227.0 54
1761195262820 3227.0 55
1761195263221 3227.0 56
1761195263629 3227.0 57
1761195264032 3227.0 58
1761195264439 3227.0 59
1761195264844 3227.0 60
1761195265256 3227.0 61
1761195265653 3227.0 62
1761195266052 3227.0 63
1761195266447 3227.0 64
1761195266855 3227.0 65
1761195267256 3227.0 66
1761195267665 3227.0 67
1761195268060 3227.0 68
1761195268453 3227.0 69
1761195268854 3227.0 70
1761195269259 3227.0 71
1761195269664 3227.0 72
1761195270056 3227.0 73
1761195270459 3227.0 74
1761195270864 3227.0 75
1761195271262 3227.0 76
1761195271654 3227.0 77
1761195272080 3227.0 78
1761195272495 3227.0 79
1761195272903 3227.0 80
1761195273313 3227.0 81
1761195273722 3227.0 82
1761195274124 3227.0 83
1761195274527 3227.0 84
1761195274941 3227.0 85
1761195275356 3227.0 86
1761195275764 3227.0 87
1761195276171 3227.0 88
1761195276571 3227.0 89
1761195276971 3227.0 90
1761195277363 3227.0 91
1761195277750 3227.0 92
1761195278140 3227.0 93
1761195278539 3227.0 94
1761195278930 3227.0 95
1761195279335 3227.0 96
1761195279732 3227.0 97
1761195280126 3227.0 98
1761195280529 3227.0 99
