1761288224457 2164.0 0
1761288230731 2164.0 1
1761288237179 2164.0 2
1761288243710 2164.0 3
1761288250411 2164.0 4
1761288257195 2164.0 5
1761288263978 2164.0 6
1761288270895 2164.0 7
1761288277953 2164.0 8
1761288285031 2060.0 9
1761288292201 2060.0 10
1761288299377 2060.0 11
1761288306623 2042.0 12
1761288313955 1999.0 13
1761288321279 1999.0 14
1761288328611 1999.0 15
1761288335956 1999.0 16
1761288343426 1999.0 17
1761288350875 1999.0 18
1761288358281 1999.0 19
1761288365728 1999.0 20
1761288373238 1999.0 21
1761288380709 1999.0 22
1761288388190 1999.0 23
1761288395655 1999.0 24
1761288403145 1999.0 25
1761288410687 1999.0 26
1761288418191 1999.0 27
1761288425642 1999.0 28
1761288433141 1999.0 29
1761288440772 1999.0 30
1761288448315 1999.0 31
1761288455849 1999.0 32
1761288463427 1999.0 33
1761288471002 1999.0 34
1761288478722 1999.0 35
1761288486337 1999.0 36
1761288493825 1999.0 37
1761288501342 1999.0 38
1761288508887 1999.0 39
1761288516418 1999.0 40
1761288523900 1999.0 41
1761288531427 1999.0 42
1761288538941 1999.0 43
1761288546502 1999.0 44
1761288554026 1999.0 45
1761288561614 1999.0 46
1761288569218 1999.0 47
1761288577346 1999.0 48
1761288586868 1999.0 49
1761288596793 1999.0 50
1761288606401 1999.0 51
1761288615893 1999.0 52
1761288624264 1999.0 53
1761288631773 1999.0 54
1761288639245 1999.0 55
1761288646774 1999.0 56
1761288654246 1999.0 57
1761288661689 1999.0 58
1761288669079 1999.0 59
1761288676498 1999.0 60
1761288683970 1999.0 61
1761288691457 1999.0 62
1761288698938 1999.0 63
1761288706393 1999.0 64
1761288713874 1999.0 65
1761288721423 1999.0 66
1761288728868 1999.0 67
1761288736352 1999.0 68
1761288743831 1999.0 69
1761288751362 1999.0 70
1761288758800 1999.0 71
1761288766245 1999.0 72
1761288773711 1999.0 73
1761288781275 1999.0 74
1761288788764 1999.0 75
1761288796224 1999.0 76
1761288803637 1999.0 77
1761288811109 1999.0 78
1761288818643 1999.0 79
1761288826144 1999.0 80
1761288833647 1999.0 81
1761288841107 1999.0 82
1761288848590 1999.0 83
1761288855999 1999.0 84
1761288863408 1999.0 85
1761288870862 1999.0 86
1761288878433 1999.0 87
1761288886159 1999.0 88
1761288893844 1999.0 89
1761288901278 1999.0 90
1761288908704 1999.0 91
1761288916132 1999.0 92
1761288923463 1999.0 93
1761288930817 1999.0 94
1761288938213 1999.0 95
1761288945715 1999.0 96
1761288953155 1999.0 97
1761288960626 1999.0 98
1761288967993 1999.0 99
