1761199621804 3262.0 0
1761199628397 3262.0 1
1761199635023 3233.0 2
1761199641930 3156.0 3
1761199648869 3156.0 4
1761199655881 3049.0 5
1761199663015 3049.0 6
1761199670352 3025.0 7
1761199677670 2845.0 8
1761199685056 2845.0 9
1761199692474 2845.0 10
1761199699977 2845.0 11
1761199707462 2845.0 12
1761199715066 2845.0 13
1761199722705 2845.0 14
1761199730384 2845.0 15
1761199738463 2845.0 16
1761199747506 2845.0 17
1761199755331 2845.0 18
1761199763068 2845.0 19
1761199770814 2845.0 20
1761199778576 2845.0 21
1761199786446 2845.0 22
1761199794268 2845.0 23
1761199802127 2845.0 24
1761199809946 2845.0 25
1761199817846 2845.0 26
1761199825660 2845.0 27
1761199833653 2845.0 28
1761199842727 2845.0 29
1761199851613 2845.0 30
1761199859370 2845.0 31
1761199867193 2845.0 32
1761199875056 2845.0 33
1761199882871 2845.0 34
1761199890683 2845.0 35
1761199898455 2845.0 36
1761199906381 2845.0 37
1761199914117 2845.0 38
1761199921811 2845.0 39
1761199929605 2845.0 40
1761199937470 2845.0 41
1761199945231 2845.0 42
1761199953008 2845.0 43
1761199960753 2845.0 44
1761199968548 2845.0 45
1761199976289 2845.0 46
1761199984027 2845.0 47
1761199991763 2845.0 48
1761199999538 2845.0 49
1761200007413 2845.0 50
1761200015163 2845.0 51
1761200022942 2845.0 52
1761200030742 2845.0 53
1761200038460 2845.0 54
1761200046191 2845.0 55
1761200053962 2845.0 56
1761200061711 2845.0 57
1761200069419 2845.0 58
1761200077182 2845.0 59
1761200084972 2845.0 60
1761200092815 2845.0 61
1761200100606 2845.0 62
1761200108409 2845.0 63
1761200116237 2845.0 64
1761200124031 2845.0 65
1761200132259 2845.0 66
1761200140190 2845.0 67
1761200148020 2845.0 68
1761200155862 2845.0 69
1761200163730 2845.0 70
1761200171651 2845.0 71
1761200179528 2845.0 72
1761200187410 2845.0 73
1761200195270 2845.0 74
1761200203221 2845.0 75
1761200211010 2845.0 76
1761200218705 2845.0 77
1761200226465 2845.0 78
1761200234248 2845.0 79
1761200242073 2845.0 80
1761200249900 2845.0 81
1761200257661 2845.0 82
1761200265527 2845.0 83
1761200273368 2845.0 84
1761200281138 2845.0 85
1761200288928 2845.0 86
1761200296672 2845.0 87
1761200304424 2845.0 88
1761200312198 2845.0 89
1761200320060 2845.0 90
1761200327800 2845.0 91
1761200335553 2845.0 92
1761200343292 2845.0 93
1761200351061 2845.0 94
1761200358815 2845.0 95
1761200366577 2845.0 96
1761200374315 2845.0 97
1761200382109 2845.0 98
1761200389819 2845.0 99
