1771487535348 21505.0 0
1771487548061 21505.0 1
1771487561456 21505.0 2
1771487576048 21505.0 3
1771487589235 21505.0 4
1771487601613 21505.0 5
1771487615106 21505.0 6
1771487628202 21505.0 7
1771487642089 21505.0 8
1771487655552 21505.0 9
1771487666039 21505.0 10
1771487678223 21505.0 11
1771487689384 21505.0 12
1771487700808 21505.0 13
1771487711956 21505.0 14
1771487722341 21505.0 15
1771487732968 21505.0 16
1771487743915 21505.0 17
1771487754780 21505.0 18
1771487765465 21505.0 19
1771487775987 21505.0 20
1771487786709 21505.0 21
1771487797430 21505.0 22
1771487808163 21505.0 23
1771487818717 21505.0 24
1771487829226 21505.0 25
1771487840067 21505.0 26
1771487850767 21505.0 27
1771487861397 21505.0 28
1771487872039 21505.0 29
1771487882751 21505.0 30
1771487893512 21505.0 31
1771487904298 21505.0 32
1771487914939 21505.0 33
1771487925440 21505.0 34
1771487936166 21505.0 35
1771487946820 21505.0 36
1771487957732 21505.0 37
1771487968161 21505.0 38
1771487979018 21505.0 39
1771487990078 21505.0 40
1771488000986 21505.0 41
1771488011732 21505.0 42
1771488022372 21505.0 43
1771488033122 21505.0 44
1771488043861 21505.0 45
1771488054708 21505.0 46
1771488065092 21505.0 47
1771488076143 21505.0 48
1771488086835 21505.0 49
1771488097712 21505.0 50
1771488108739 21505.0 51
1771488119098 21505.0 52
1771488129869 21505.0 53
1771488140534 21505.0 54
1771488151179 21505.0 55
1771488161878 21505.0 56
1771488172752 21505.0 57
1771488183446 21505.0 58
1771488194250 21505.0 59
1771488205194 21505.0 60
1771488215877 21505.0 61
1771488226728 21505.0 62
1771488237225 21505.0 63
1771488248025 21505.0 64
1771488258676 21505.0 65
1771488269544 21505.0 66
1771488280399 21505.0 67
1771488291064 21505.0 68
1771488301709 21505.0 69
1771488312472 21505.0 70
1771488323368 21505.0 71
1771488334178 21505.0 72
1771488344959 21505.0 73
1771488355468 21505.0 74
1771488366429 21505.0 75
1771488377299 21505.0 76
1771488387859 21505.0 77
1771488398836 21505.0 78
1771488409534 21505.0 79
1771488420397 21505.0 80
1771488431341 21505.0 81
1771488442189 21505.0 82
1771488453059 21505.0 83
1771488463651 21505.0 84
1771488474442 21505.0 85
1771488485329 21505.0 86
1771488496099 21505.0 87
1771488506731 21505.0 88
1771488517483 21505.0 89
1771488528307 21505.0 90
1771488539089 21505.0 91
1771488549731 21505.0 92
1771488560390 21505.0 93
1771488571191 21505.0 94
1771488581877 21505.0 95
1771488592601 21505.0 96
1771488603419 21505.0 97
1771488614139 21505.0 98
1771488624673 21505.0 99
