1761270992189 1783.0 0
1761270992584 1783.0 1
1761270992914 1783.0 2
1761270993245 1783.0 3
1761270993583 1783.0 4
1761270993927 1783.0 5
1761270994260 1783.0 6
1761270994596 1783.0 7
1761270994929 1783.0 8
1761270995257 1783.0 9
1761270995590 1783.0 10
1761270995919 1783.0 11
1761270996247 1783.0 12
1761270996578 1783.0 13
1761270996905 1783.0 14
1761270997233 1783.0 15
1761270997566 1783.0 16
1761270997893 1783.0 17
1761270998224 1783.0 18
1761270998551 1783.0 19
1761270998881 1783.0 20
1761270999217 1783.0 21
1761270999547 1783.0 22
1761270999879 1783.0 23
1761271000211 1783.0 24
1761271000541 1783.0 25
1761271000870 1783.0 26
1761271001205 1783.0 27
1761271001535 1783.0 28
1761271001866 1783.0 29
1761271002195 1783.0 30
1761271002527 1783.0 31
1761271002873 1783.0 32
1761271003204 1783.0 33
1761271003534 1783.0 34
1761271003859 1783.0 35
1761271004196 1783.0 36
1761271004519 1783.0 37
1761271004843 1783.0 38
1761271005169 1783.0 39
1761271005496 1783.0 40
1761271005819 1783.0 41
1761271006148 1783.0 42
1761271006472 1783.0 43
1761271006797 1783.0 44
1761271007124 1783.0 45
1761271007462 1783.0 46
1761271007832 1783.0 47
1761271008164 1783.0 48
1761271008492 1783.0 49
1761271008821 1783.0 50
1761271009151 1783.0 51
1761271009483 1783.0 52
1761271009812 1783.0 53
1761271010136 1783.0 54
1761271010468 1783.0 55
1761271010798 1783.0 56
1761271011118 1783.0 57
1761271011447 1783.0 58
1761271011770 1783.0 59
1761271012096 1783.0 60
1761271012430 1783.0 61
1761271012758 1783.0 62
1761271013101 1783.0 63
1761271013437 1783.0 64
1761271013768 1783.0 65
1761271014119 1783.0 66
1761271014450 1783.0 67
1761271014782 1783.0 68
1761271015113 1783.0 69
1761271015449 1783.0 70
1761271015786 1783.0 71
1761271016118 1783.0 72
1761271016453 1783.0 73
1761271016789 1783.0 74
1761271017121 1783.0 75
1761271017451 1783.0 76
1761271017780 1783.0 77
1761271018108 1783.0 78
1761271018441 1783.0 79
1761271018768 1783.0 80
1761271019095 1783.0 81
1761271019423 1783.0 82
1761271019755 1783.0 83
1761271020081 1783.0 84
1761271020405 1783.0 85
1761271020732 1783.0 86
1761271021064 1783.0 87
1761271021395 1783.0 88
1761271021722 1783.0 89
1761271022048 1783.0 90
1761271022377 1783.0 91
1761271022711 1783.0 92
1761271023040 1783.0 93
1761271023369 1783.0 94
1761271023698 1783.0 95
1761271024043 1783.0 96
1761271024373 1783.0 97
1761271024711 1783.0 98
1761271025043 1783.0 99
