1761206120402 1774.0 0
1761206121000 1774.0 1
1761206121594 1772.0 2
1761206122176 1772.0 3
1761206122761 1772.0 4
1761206123351 1772.0 5
1761206123935 1772.0 6
1761206124521 1765.0 7
1761206125132 1765.0 8
1761206125719 1765.0 9
1761206126305 1765.0 10
1761206126897 1664.0 11
1761206127492 1664.0 12
1761206128079 1664.0 13
1761206128659 1664.0 14
1761206129252 1664.0 15
1761206129842 1663.0 16
1761206130426 1663.0 17
1761206131005 1564.0 18
1761206131595 1564.0 19
1761206132184 1564.0 20
1761206132793 1564.0 21
1761206133390 1564.0 22
1761206133994 1563.0 23
1761206134585 1558.0 24
1761206135171 1458.0 25
1761206135771 1458.0 26
1761206136349 1458.0 27
1761206136933 1356.0 28
1761206137512 1354.0 29
1761206138100 1354.0 30
1761206138704 1354.0 31
1761206139282 1354.0 32
1761206139880 1254.0 33
1761206140465 1254.0 34
1761206141038 1254.0 35
1761206141629 1154.0 36
1761206142208 1154.0 37
1761206142801 1154.0 38
1761206143389 1154.0 39
1761206143964 1154.0 40
1761206144556 1154.0 41
1761206145142 1154.0 42
1761206145718 1154.0 43
1761206146299 952.0 44
1761206146877 952.0 45
1761206147470 952.0 46
1761206148068 952.0 47
1761206148660 952.0 48
1761206149251 952.0 49
1761206149841 952.0 50
1761206150418 950.0 51
1761206151021 950.0 52
1761206151622 950.0 53
1761206152205 950.0 54
1761206152787 950.0 55
1761206153368 950.0 56
1761206153966 950.0 57
1761206154567 950.0 58
1761206155159 950.0 59
1761206155739 950.0 60
1761206156331 950.0 61
1761206156914 945.0 62
1761206157492 945.0 63
1761206158072 945.0 64
1761206158674 845.0 65
1761206159269 845.0 66
1761206159868 845.0 67
1761206160484 745.0 68
1761206161086 745.0 69
1761206161677 645.0 70
1761206162286 645.0 71
1761206162891 645.0 72
1761206163485 645.0 73
1761206164075 645.0 74
1761206164670 645.0 75
1761206165276 645.0 76
1761206165882 645.0 77
1761206166480 645.0 78
1761206167095 645.0 79
1761206167724 645.0 80
1761206168332 645.0 81
1761206168935 645.0 82
1761206169555 645.0 83
1761206170170 645.0 84
1761206170777 645.0 85
1761206171389 645.0 86
1761206171994 645.0 87
1761206172609 645.0 88
1761206173221 645.0 89
1761206173826 645.0 90
1761206174451 645.0 91
1761206175056 645.0 92
1761206175676 645.0 93
1761206176302 645.0 94
1761206176925 645.0 95
1761206177541 645.0 96
1761206178138 645.0 97
1761206178736 645.0 98
1761206179347 645.0 99
