1761200477392 3059.0 0
1761200477887 2645.0 1
1761200478373 2058.0 2
1761200478880 1957.0 3
1761200479387 1658.0 4
1761200479904 1567.0 5
1761200480439 1556.0 6
1761200480962 1551.0 7
1761200481520 1551.0 8
1761200482045 1551.0 9
1761200482555 1451.0 10
1761200483069 1445.0 11
1761200483577 1345.0 12
1761200484092 1345.0 13
1761200484609 1245.0 14
1761200485117 1245.0 15
1761200485680 1145.0 16
1761200486179 1138.0 17
1761200486683 1138.0 18
1761200487185 1138.0 19
1761200487686 1138.0 20
1761200488184 1138.0 21
1761200488680 1136.0 22
1761200489174 1136.0 23
1761200489739 1136.0 24
1761200490239 1136.0 25
1761200490740 1136.0 26
1761200491231 1128.0 27
1761200491733 1128.0 28
1761200492223 1128.0 29
1761200492712 1128.0 30
1761200493218 1126.0 31
1761200493766 1026.0 32
1761200494260 1026.0 33
1761200494763 1026.0 34
1761200495264 1020.0 35
1761200495761 920.0 36
1761200496244 920.0 37
1761200496729 920.0 38
1761200497227 920.0 39
1761200497714 920.0 40
1761200498244 906.0 41
1761200498744 906.0 42
1761200499234 806.0 43
1761200499723 806.0 44
1761200500235 806.0 45
1761200500722 806.0 46
1761200501212 806.0 47
1761200501726 801.0 48
1761200502271 801.0 49
1761200502771 701.0 50
1761200503279 701.0 51
1761200503777 701.0 52
1761200504277 701.0 53
1761200504776 701.0 54
1761200505286 701.0 55
1761200505776 701.0 56
1761200506343 701.0 57
1761200506831 701.0 58
1761200507335 701.0 59
1761200507824 701.0 60
1761200508316 701.0 61
1761200508810 701.0 62
1761200509309 701.0 63
1761200509806 701.0 64
1761200510356 701.0 65
1761200510858 701.0 66
1761200511358 701.0 67
1761200511852 701.0 68
1761200512353 693.0 69
1761200512853 693.0 70
1761200513341 693.0 71
1761200513841 693.0 72
1761200514337 685.0 73
1761200514884 685.0 74
1761200515396 685.0 75
1761200515899 685.0 76
1761200516393 685.0 77
1761200516900 685.0 78
1761200517401 685.0 79
1761200517912 685.0 80
1761200518405 685.0 81
1761200518940 685.0 82
1761200519449 685.0 83
1761200519954 685.0 84
1761200520451 685.0 85
1761200520953 685.0 86
1761200521446 685.0 87
1761200521938 685.0 88
1761200522433 685.0 89
1761200522993 685.0 90
1761200523489 685.0 91
1761200523992 685.0 92
1761200524497 685.0 93
1761200525008 685.0 94
1761200525530 685.0 95
1761200526042 685.0 96
1761200526536 685.0 97
1761200527097 685.0 98
1761200527599 685.0 99
