1761288968915 2170.0 0
1761288969510 2170.0 1
1761288970096 2157.0 2
1761288970673 2157.0 3
1761288971276 2057.0 4
1761288971871 2057.0 5
1761288972466 1957.0 6
1761288973066 1957.0 7
1761288973661 1957.0 8
1761288974248 1957.0 9
1761288974834 1957.0 10
1761288975425 1957.0 11
1761288976014 1957.0 12
1761288976590 1886.0 13
1761288977172 1786.0 14
1761288977756 1786.0 15
1761288978340 1786.0 16
1761288978923 1670.0 17
1761288979523 1670.0 18
1761288980135 1667.0 19
1761288980718 1607.0 20
1761288981311 1607.0 21
1761288981897 1607.0 22
1761288982483 1607.0 23
1761288983093 1607.0 24
1761288983695 1576.0 25
1761288984302 1567.0 26
1761288984917 1565.0 27
1761288985514 1565.0 28
1761288986122 1507.0 29
1761288986713 1466.0 30
1761288987308 1407.0 31
1761288987898 1407.0 32
1761288988481 1407.0 33
1761288989071 1214.0 34
1761288989654 1214.0 35
1761288990248 1214.0 36
1761288990840 1214.0 37
1761288991447 1206.0 38
1761288992032 1206.0 39
1761288992620 1206.0 40
1761288993273 1198.0 41
1761288993923 1196.0 42
1761288994553 1196.0 43
1761288995147 1196.0 44
1761288995746 1196.0 45
1761288996356 1196.0 46
1761288996953 1196.0 47
1761288997571 1196.0 48
1761288998183 1196.0 49
1761288998784 1196.0 50
1761288999382 1196.0 51
1761289000002 1196.0 52
1761289000599 1196.0 53
1761289001209 1196.0 54
1761289001803 1196.0 55
1761289002432 1196.0 56
1761289003048 1196.0 57
1761289003662 1196.0 58
1761289004247 1196.0 59
1761289004841 1196.0 60
1761289005437 1196.0 61
1761289006043 1196.0 62
1761289006648 1196.0 63
1761289007259 1196.0 64
1761289007850 1196.0 65
1761289008444 1196.0 66
1761289009049 1196.0 67
1761289009624 1196.0 68
1761289010241 1071.0 69
1761289010831 1071.0 70
1761289011438 1071.0 71
1761289012032 1071.0 72
1761289012607 1071.0 73
1761289013199 1071.0 74
1761289013766 1059.0 75
1761289014364 969.0 76
1761289014948 969.0 77
1761289015532 969.0 78
1761289016114 958.0 79
1761289016715 958.0 80
1761289017319 958.0 81
1761289017932 954.0 82
1761289018539 954.0 83
1761289019119 854.0 84
1761289019719 854.0 85
1761289020313 854.0 86
1761289020895 854.0 87
1761289021485 854.0 88
1761289022098 854.0 89
1761289022706 854.0 90
1761289023305 854.0 91
1761289023888 854.0 92
1761289024506 854.0 93
1761289025101 854.0 94
1761289025720 854.0 95
1761289026321 854.0 96
1761289026922 854.0 97
1761289027524 854.0 98
1761289028134 854.0 99
