1761120701727 21171.0 0
1761120705103 21171.0 1
1761120708695 21171.0 2
1761120712174 21171.0 3
1761120715617 21171.0 4
1761120719110 21151.0 5
1761120722576 21053.0 6
1761120726089 21053.0 7
1761120729565 21037.0 8
1761120732991 20937.0 9
1761120736470 20837.0 10
1761120740023 20837.0 11
1761120743480 20833.0 12
1761120746943 20733.0 13
1761120750464 20648.0 14
1761120753946 20648.0 15
1761120757489 20258.0 16
1761120761035 20258.0 17
1761120764534 20158.0 18
1761120768041 20158.0 19
1761120771634 20158.0 20
1761120775114 20152.0 21
1761120778609 20152.0 22
1761120782122 20052.0 23
1761120785676 20052.0 24
1761120789169 20052.0 25
1761120792655 20052.0 26
1761120796114 19952.0 27
1761120799580 19952.0 28
1761120803132 19952.0 29
1761120806695 19852.0 30
1761120810158 19852.0 31
1761120813702 19843.0 32
1761120817226 19743.0 33
1761120820736 19641.0 34
1761120824351 19541.0 35
1761120827874 19441.0 36
1761120831393 19441.0 37
1761120834960 19341.0 38
1761120838540 19241.0 39
1761120842099 19241.0 40
1761120845651 19241.0 41
1761120849211 19141.0 42
1761120852818 19141.0 43
1761120856371 19041.0 44
1761120859902 18941.0 45
1761120863421 18941.0 46
1761120867002 18941.0 47
1761120870615 18758.0 48
1761120874145 18758.0 49
1761120877681 18758.0 50
1761120881193 18758.0 51
1761120884762 18758.0 52
1761120888378 18646.0 53
1761120891894 18546.0 54
1761120895456 18440.0 55
1761120899001 18440.0 56
1761120902562 18338.0 57
1761120906217 18239.0 58
1761120909761 18239.0 59
1761120913317 18139.0 60
1761120916938 18139.0 61
1761120920575 18139.0 62
1761120924141 18139.0 63
1761120927737 18039.0 64
1761120931329 18039.0 65
1761120934894 17939.0 66
1761120938539 17933.0 67
1761120942109 17933.0 68
1761120945684 17933.0 69
1761120949292 17726.0 70
1761120952897 17726.0 71
1761120956452 17726.0 72
1761120960160 17724.0 73
1761120963736 17724.0 74
1761120967311 17624.0 75
1761120970909 17548.0 76
1761120974560 17546.0 77
1761120978210 17524.0 78
1761120981908 17524.0 79
1761120985509 17316.0 80
1761120989094 17316.0 81
1761120992724 17316.0 82
1761120996361 17246.0 83
1761120999949 17146.0 84
1761121003558 17146.0 85
1761121007148 17146.0 86
1761121010730 16946.0 87
1761121014378 16946.0 88
1761121017978 16846.0 89
1761121021641 16846.0 90
1761121025240 16846.0 91
1761121028801 16746.0 92
1761121032418 16746.0 93
1761121036056 16746.0 94
1761121039613 16746.0 95
1761121043241 16746.0 96
1761121046815 16646.0 97
1761121050409 16604.0 98
1761121054068 16604.0 99
