1761200277686 1740.0 0
1761200278079 1520.0 1
1761200278409 1241.0 2
1761200278741 841.0 3
1761200279086 829.0 4
1761200279425 722.0 5
1761200279772 722.0 6
1761200280126 709.0 7
1761200280476 709.0 8
1761200280830 701.0 9
1761200281184 701.0 10
1761200281538 700.0 11
1761200281884 700.0 12
1761200282292 700.0 13
1761200282652 700.0 14
1761200283010 700.0 15
1761200283370 694.0 16
1761200283724 694.0 17
1761200284074 694.0 18
1761200284425 694.0 19
1761200284775 694.0 20
1761200285118 694.0 21
1761200285467 694.0 22
1761200285811 688.0 23
1761200286163 688.0 24
1761200286555 588.0 25
1761200286907 588.0 26
1761200287257 586.0 27
1761200287603 584.0 28
1761200287954 584.0 29
1761200288300 584.0 30
1761200288654 584.0 31
1761200289003 584.0 32
1761200289352 584.0 33
1761200289702 584.0 34
1761200290049 584.0 35
1761200290405 584.0 36
1761200290800 584.0 37
1761200291151 584.0 38
1761200291504 584.0 39
1761200291850 584.0 40
1761200292196 584.0 41
1761200292550 484.0 42
1761200292916 484.0 43
1761200293283 484.0 44
1761200293646 484.0 45
1761200294019 484.0 46
1761200294387 482.0 47
1761200294748 482.0 48
1761200295164 482.0 49
1761200295533 482.0 50
1761200295900 482.0 51
1761200296269 482.0 52
1761200296636 482.0 53
1761200296998 482.0 54
1761200297360 482.0 55
1761200297734 482.0 56
1761200298105 482.0 57
1761200298469 482.0 58
1761200298835 475.0 59
1761200299191 475.0 60
1761200299591 475.0 61
1761200299945 475.0 62
1761200300289 475.0 63
1761200300634 475.0 64
1761200300980 475.0 65
1761200301323 375.0 66
1761200301673 375.0 67
1761200302022 375.0 68
1761200302371 375.0 69
1761200302717 375.0 70
1761200303066 375.0 71
1761200303415 375.0 72
1761200303814 375.0 73
1761200304160 375.0 74
1761200304511 373.0 75
1761200304866 373.0 76
1761200305214 373.0 77
1761200305571 373.0 78
1761200305921 279.0 79
1761200306277 279.0 80
1761200306640 279.0 81
1761200307006 279.0 82
1761200307369 279.0 83
1761200307726 279.0 84
1761200308140 279.0 85
1761200308497 279.0 86
1761200308857 279.0 87
1761200309227 279.0 88
1761200309582 279.0 89
1761200309948 279.0 90
1761200310313 274.0 91
1761200310664 274.0 92
1761200311017 274.0 93
1761200311385 267.0 94
1761200311720 267.0 95
1761200312051 267.0 96
1761200312445 267.0 97
1761200312785 267.0 98
1761200313123 267.0 99
