1771586947380 21197.0 0
1771586952294 20027.0 1
1771586957268 18133.0 2
1771586962384 17224.0 3
1771586967448 16854.0 4
1771586972606 16440.0 5
1771586977656 16232.0 6
1771586982760 15932.0 7
1771586988096 15832.0 8
1771586993225 15732.0 9
1771586998500 15632.0 10
1771587003739 15432.0 11
1771587008889 15238.0 12
1771587014069 15238.0 13
1771587019243 15146.0 14
1771587024609 14951.0 15
1771587030251 14851.0 16
1771587035538 14851.0 17
1771587040859 14751.0 18
1771587046237 14651.0 19
1771587051666 14651.0 20
1771587057043 14551.0 21
1771587062438 14451.0 22
1771587067698 14451.0 23
1771587073164 14351.0 24
1771587078725 14251.0 25
1771587083926 14151.0 26
1771587089280 14151.0 27
1771587094677 14051.0 28
1771587100190 13951.0 29
1771587105711 13951.0 30
1771587111090 13851.0 31
1771587116597 13751.0 32
1771587122221 13651.0 33
1771587127514 13635.0 34
1771587132876 13559.0 35
1771587138240 13543.0 36
1771587143681 13543.0 37
1771587149364 13443.0 38
1771587154716 13343.0 39
1771587160088 13343.0 40
1771587165519 13343.0 41
1771587170937 13243.0 42
1771587176540 13143.0 43
1771587181759 13043.0 44
1771587187230 12943.0 45
1771587192665 12843.0 46
1771587198251 12837.0 47
1771587203650 12837.0 48
1771587209132 12743.0 49
1771587214514 12643.0 50
1771587220075 12543.0 51
1771587225375 12443.0 52
1771587230919 12443.0 53
1771587236374 12343.0 54
1771587241876 12243.0 55
1771587247317 12143.0 56
1771587253053 12141.0 57
1771587258433 12041.0 58
1771587264178 11941.0 59
1771587269658 11841.0 60
1771587275183 11841.0 61
1771587280698 11841.0 62
1771587286232 11741.0 63
1771587291949 11741.0 64
1771587297700 11741.0 65
1771587303151 11735.0 66
1771587308689 11637.0 67
1771587314524 11445.0 68
1771587320100 11345.0 69
1771587325650 11245.0 70
1771587331504 11245.0 71
1771587337073 11245.0 72
1771587342600 11243.0 73
1771587348094 11143.0 74
1771587353745 11053.0 75
1771587359390 11047.0 76
1771587365181 11047.0 77
1771587370870 10947.0 78
1771587376569 10947.0 79
1771587382311 10847.0 80
1771587388091 10847.0 81
1771587393550 10847.0 82
1771587399210 10847.0 83
1771587404772 10839.0 84
1771587410426 10839.0 85
1771587416213 10839.0 86
1771587421907 10739.0 87
1771587427559 10739.0 88
1771587433227 10737.0 89
1771587439024 10637.0 90
1771587444650 10439.0 91
1771587450266 10341.0 92
1771587455940 10241.0 93
1771587461689 10234.0 94
1771587467478 10134.0 95
1771587473166 10041.0 96
1771587478885 10034.0 97
1771587484675 10032.0 98
1771587490526 10032.0 99
