1761270327904 1965.0 0
1761270328508 1865.0 1
1761270329102 1865.0 2
1761270329693 1765.0 3
1761270330293 1758.0 4
1761270330898 1758.0 5
1761270331496 1758.0 6
1761270332094 1758.0 7
1761270332688 1758.0 8
1761270333292 1749.0 9
1761270333916 1749.0 10
1761270334521 1749.0 11
1761270335141 1668.0 12
1761270335745 1668.0 13
1761270336346 1668.0 14
1761270336950 1668.0 15
1761270337541 1649.0 16
1761270338131 1649.0 17
1761270338736 1649.0 18
1761270339346 1561.0 19
1761270339947 1561.0 20
1761270340567 1561.0 21
1761270341179 1561.0 22
1761270341779 1560.0 23
1761270342396 1560.0 24
1761270343018 1460.0 25
1761270343648 1360.0 26
1761270344266 1360.0 27
1761270344895 1260.0 28
1761270345525 1260.0 29
1761270346145 1260.0 30
1761270346781 1260.0 31
1761270347397 1260.0 32
1761270348006 1160.0 33
1761270348626 1160.0 34
1761270349251 1060.0 35
1761270349895 1060.0 36
1761270350510 1060.0 37
1761270351136 1060.0 38
1761270351742 1060.0 39
1761270352343 1060.0 40
1761270352981 1060.0 41
1761270353598 1060.0 42
1761270354224 1060.0 43
1761270354847 1060.0 44
1761270355475 1060.0 45
1761270356097 1060.0 46
1761270356716 1060.0 47
1761270357324 1060.0 48
1761270357930 1060.0 49
1761270358535 1060.0 50
1761270359151 1060.0 51
1761270359749 1060.0 52
1761270360369 1060.0 53
1761270360955 1060.0 54
1761270361541 1060.0 55
1761270362138 1060.0 56
1761270362747 1060.0 57
1761270363354 1060.0 58
1761270363954 1060.0 59
1761270364559 1060.0 60
1761270365178 974.0 61
1761270365784 974.0 62
1761270366388 974.0 63
1761270366999 974.0 64
1761270367601 974.0 65
1761270368201 974.0 66
1761270368814 974.0 67
1761270369408 974.0 68
1761270370010 974.0 69
1761270370606 974.0 70
1761270371209 874.0 71
1761270371813 874.0 72
1761270372399 874.0 73
1761270373006 874.0 74
1761270373608 874.0 75
1761270374218 874.0 76
1761270374829 874.0 77
1761270375439 865.0 78
1761270376050 859.0 79
1761270376668 859.0 80
1761270377265 859.0 81
1761270377870 859.0 82
1761270378474 859.0 83
1761270379078 859.0 84
1761270379688 859.0 85
1761270380298 859.0 86
1761270380900 859.0 87
1761270381510 859.0 88
1761270382116 859.0 89
1761270382735 859.0 90
1761270383336 859.0 91
1761270383948 859.0 92
1761270384568 859.0 93
1761270385171 859.0 94
1761270385781 859.0 95
1761270386402 859.0 96
1761270387011 859.0 97
1761270387635 859.0 98
1761270388229 859.0 99
