1761274039323 2186.0 0
1761274039704 2186.0 1
1761274040023 2186.0 2
1761274040348 2186.0 3
1761274040675 2186.0 4
1761274041002 2186.0 5
1761274041327 2186.0 6
1761274041651 2186.0 7
1761274041978 2186.0 8
1761274042312 2186.0 9
1761274042649 2186.0 10
1761274042974 2186.0 11
1761274043299 2186.0 12
1761274043628 2186.0 13
1761274043957 2186.0 14
1761274044285 2186.0 15
1761274044608 2186.0 16
1761274044931 2186.0 17
1761274045252 2186.0 18
1761274045574 2186.0 19
1761274045897 2186.0 20
1761274046223 2186.0 21
1761274046543 2186.0 22
1761274046863 2186.0 23
1761274047182 2186.0 24
1761274047508 2186.0 25
1761274047835 2186.0 26
1761274048157 2186.0 27
1761274048477 2186.0 28
1761274048806 2186.0 29
1761274049129 2186.0 30
1761274049456 2186.0 31
1761274049784 2186.0 32
1761274050113 2186.0 33
1761274050437 2186.0 34
1761274050767 2186.0 35
1761274051091 2186.0 36
1761274051410 2186.0 37
1761274051736 2186.0 38
1761274052054 2186.0 39
1761274052376 2186.0 40
1761274052697 2186.0 41
1761274053019 2186.0 42
1761274053344 2186.0 43
1761274053666 2186.0 44
1761274053986 2186.0 45
1761274054309 2186.0 46
1761274054631 2186.0 47
1761274054953 2186.0 48
1761274055272 2186.0 49
1761274055598 2186.0 50
1761274055918 2186.0 51
1761274056240 2186.0 52
1761274056559 2186.0 53
1761274056882 2186.0 54
1761274057202 2186.0 55
1761274057520 2186.0 56
1761274057846 2186.0 57
1761274058173 2186.0 58
1761274058489 2186.0 59
1761274058808 2186.0 60
1761274059130 2186.0 61
1761274059454 2186.0 62
1761274059775 2186.0 63
1761274060100 2186.0 64
1761274060427 2186.0 65
1761274060748 2186.0 66
1761274061071 2186.0 67
1761274061405 2186.0 68
1761274061724 2186.0 69
1761274062048 2186.0 70
1761274062370 2186.0 71
1761274062688 2186.0 72
1761274063014 2186.0 73
1761274063339 2186.0 74
1761274063660 2186.0 75
1761274063983 2186.0 76
1761274064309 2186.0 77
1761274064636 2186.0 78
1761274064955 2186.0 79
1761274065278 2186.0 80
1761274065598 2186.0 81
1761274065920 2186.0 82
1761274066249 2186.0 83
1761274066572 2186.0 84
1761274066889 2186.0 85
1761274067210 2186.0 86
1761274067538 2186.0 87
1761274067862 2186.0 88
1761274068190 2186.0 89
1761274068509 2186.0 90
1761274068832 2186.0 91
1761274069160 2186.0 92
1761274069489 2186.0 93
1761274069810 2186.0 94
1761274070135 2186.0 95
1761274070461 2186.0 96
1761274070783 2186.0 97
1761274071106 2186.0 98
1761274071438 2186.0 99
