1771354323639 21321.0 0
1771354332253 21223.0 1
1771354340922 21223.0 2
1771354349695 21134.0 3
1771354358320 20927.0 4
1771354366913 20927.0 5
1771354375722 20919.0 6
1771354384584 20919.0 7
1771354393452 20919.0 8
1771354402202 20826.0 9
1771354410823 20626.0 10
1771354419588 20626.0 11
1771354428387 20621.0 12
1771354437281 20521.0 13
1771354446016 20228.0 14
1771354454760 20128.0 15
1771354463450 20128.0 16
1771354472248 20128.0 17
1771354481206 20128.0 18
1771354489896 20128.0 19
1771354498726 20028.0 20
1771354507610 20022.0 21
1771354516499 20022.0 22
1771354525382 19922.0 23
1771354534292 19922.0 24
1771354543148 19730.0 25
1771354552225 19539.0 26
1771354561141 19439.0 27
1771354570285 19439.0 28
1771354579319 19439.0 29
1771354588361 19439.0 30
1771354597243 19439.0 31
1771354606089 19439.0 32
1771354614945 19439.0 33
1771354623882 19439.0 34
1771354632925 19435.0 35
1771354641813 19435.0 36
1771354650619 19435.0 37
1771354659562 19235.0 38
1771354668458 19035.0 39
1771354677433 19035.0 40
1771354686449 19035.0 41
1771354695502 19035.0 42
1771354704542 19035.0 43
1771354713624 19035.0 44
1771354722619 19015.0 45
1771354731418 19015.0 46
1771354740434 19015.0 47
1771354749617 18935.0 48
1771354758613 18935.0 49
1771354767531 18927.0 50
1771354776637 18827.0 51
1771354785686 18827.0 52
1771354794926 18827.0 53
1771354803894 18727.0 54
1771354813006 18727.0 55
1771354822093 18727.0 56
1771354831150 18627.0 57
1771354840174 18627.0 58
1771354849409 18627.0 59
1771354858412 18432.0 60
1771354867466 18332.0 61
1771354876512 18140.0 62
1771354885724 18140.0 63
1771354894876 18140.0 64
1771354903979 18040.0 65
1771354912971 18040.0 66
1771354922037 18029.0 67
1771354931102 17929.0 68
1771354940064 17929.0 69
1771354949106 17829.0 70
1771354958238 17829.0 71
1771354967279 17829.0 72
1771354976370 17729.0 73
1771354985527 17729.0 74
1771354994430 17629.0 75
1771355003700 17329.0 76
1771355012716 17329.0 77
1771355021863 17329.0 78
1771355030968 17329.0 79
1771355040020 17329.0 80
1771355049055 17253.0 81
1771355058193 17151.0 82
1771355067275 17051.0 83
1771355076265 17051.0 84
1771355085273 16944.0 85
1771355094574 16937.0 86
1771355103713 16632.0 87
1771355112873 16432.0 88
1771355122044 16432.0 89
1771355131063 16432.0 90
1771355140141 16432.0 91
1771355149139 16432.0 92
1771355158356 16425.0 93
1771355167433 16419.0 94
1771355176519 16410.0 95
1771355185599 16210.0 96
1771355194760 16210.0 97
1771355203975 16210.0 98
1771355212939 16210.0 99
