1761204439205 1811.0 0
1761204439546 1811.0 1
1761204439839 1811.0 2
1761204440122 1811.0 3
1761204440404 1811.0 4
1761204440693 1811.0 5
1761204440979 1811.0 6
1761204441257 1811.0 7
1761204441543 1811.0 8
1761204441823 1811.0 9
1761204442099 1811.0 10
1761204442382 1811.0 11
1761204442666 1811.0 12
1761204442943 1811.0 13
1761204443252 1811.0 14
1761204443570 1811.0 15
1761204443854 1811.0 16
1761204444138 1811.0 17
1761204444412 1811.0 18
1761204444698 1811.0 19
1761204444976 1811.0 20
1761204445254 1811.0 21
1761204445547 1811.0 22
1761204445843 1811.0 23
1761204446136 1811.0 24
1761204446430 1811.0 25
1761204446718 1811.0 26
1761204447009 1811.0 27
1761204447280 1811.0 28
1761204447550 1811.0 29
1761204447828 1811.0 30
1761204448103 1811.0 31
1761204448388 1811.0 32
1761204448653 1811.0 33
1761204448941 1811.0 34
1761204449232 1811.0 35
1761204449511 1811.0 36
1761204449791 1811.0 37
1761204450057 1811.0 38
1761204450361 1811.0 39
1761204450652 1811.0 40
1761204450927 1811.0 41
1761204451200 1811.0 42
1761204451485 1811.0 43
1761204451762 1811.0 44
1761204452035 1811.0 45
1761204452312 1811.0 46
1761204452579 1811.0 47
1761204452853 1811.0 48
1761204453137 1811.0 49
1761204453415 1811.0 50
1761204453695 1811.0 51
1761204453980 1811.0 52
1761204454261 1811.0 53
1761204454549 1811.0 54
1761204454823 1811.0 55
1761204455090 1811.0 56
1761204455383 1811.0 57
1761204455657 1811.0 58
1761204455938 1811.0 59
1761204456210 1811.0 60
1761204456470 1811.0 61
1761204456775 1811.0 62
1761204457070 1811.0 63
1761204457353 1811.0 64
1761204457630 1811.0 65
1761204457911 1811.0 66
1761204458167 1811.0 67
1761204458447 1811.0 68
1761204458719 1811.0 69
1761204459014 1811.0 70
1761204459303 1811.0 71
1761204459590 1811.0 72
1761204459890 1811.0 73
1761204460181 1811.0 74
1761204460460 1811.0 75
1761204460751 1811.0 76
1761204461051 1811.0 77
1761204461342 1811.0 78
1761204461618 1811.0 79
1761204461900 1811.0 80
1761204462177 1811.0 81
1761204462461 1811.0 82
1761204462743 1811.0 83
1761204463028 1811.0 84
1761204463311 1811.0 85
1761204463592 1811.0 86
1761204463874 1811.0 87
1761204464164 1811.0 88
1761204464456 1811.0 89
1761204464735 1811.0 90
1761204465029 1811.0 91
1761204465310 1811.0 92
1761204465595 1811.0 93
1761204465874 1811.0 94
1761204466153 1811.0 95
1761204466425 1811.0 96
1761204466712 1811.0 97
1761204466996 1811.0 98
1761204467274 1811.0 99
