1761268017767 3387.0 0
1761268025648 3387.0 1
1761268033460 3387.0 2
1761268041640 3387.0 3
1761268050011 3143.0 4
1761268057828 3143.0 5
1761268067284 2954.0 6
1761268075402 2940.0 7
1761268082955 2940.0 8
1761268090597 2940.0 9
1761268098293 2940.0 10
1761268106055 2940.0 11
1761268113830 2940.0 12
1761268121665 2940.0 13
1761268129508 2940.0 14
1761268137387 2940.0 15
1761268145303 2940.0 16
1761268153184 2940.0 17
1761268161197 2940.0 18
1761268169183 2940.0 19
1761268177163 2940.0 20
1761268185222 2940.0 21
1761268193316 2940.0 22
1761268201378 2940.0 23
1761268209440 2940.0 24
1761268217523 2940.0 25
1761268225680 2940.0 26
1761268233738 2940.0 27
1761268241812 2940.0 28
1761268249964 2940.0 29
1761268258110 2940.0 30
1761268266117 2940.0 31
1761268274174 2940.0 32
1761268282189 2940.0 33
1761268290122 2940.0 34
1761268298432 2940.0 35
1761268306616 2940.0 36
1761268314636 2940.0 37
1761268322658 2940.0 38
1761268330772 2940.0 39
1761268338680 2940.0 40
1761268346602 2940.0 41
1761268354524 2940.0 42
1761268362413 2940.0 43
1761268370348 2940.0 44
1761268378297 2940.0 45
1761268386206 2940.0 46
1761268394048 2940.0 47
1761268402069 2940.0 48
1761268410037 2940.0 49
1761268418039 2940.0 50
1761268426020 2940.0 51
1761268434020 2940.0 52
1761268441954 2940.0 53
1761268449933 2940.0 54
1761268457894 2940.0 55
1761268465837 2940.0 56
1761268474096 2940.0 57
1761268483155 2940.0 58
1761268493130 2940.0 59
1761268502887 2940.0 60
1761268512060 2940.0 61
1761268519751 2940.0 62
1761268527283 2940.0 63
1761268535538 2940.0 64
1761268543290 2940.0 65
1761268551227 2940.0 66
1761268559154 2940.0 67
1761268567110 2940.0 68
1761268575051 2940.0 69
1761268582943 2940.0 70
1761268590983 2940.0 71
1761268598990 2940.0 72
1761268607118 2940.0 73
1761268615271 2940.0 74
1761268623544 2940.0 75
1761268631703 2940.0 76
1761268639849 2940.0 77
1761268648013 2940.0 78
1761268656273 2940.0 79
1761268664413 2940.0 80
1761268672565 2940.0 81
1761268680681 2940.0 82
1761268688901 2940.0 83
1761268697029 2940.0 84
1761268705106 2940.0 85
1761268713265 2940.0 86
1761268721371 2940.0 87
1761268729495 2940.0 88
1761268737564 2940.0 89
1761268745744 2940.0 90
1761268753907 2940.0 91
1761268762081 2940.0 92
1761268770215 2940.0 93
1761268778376 2940.0 94
1761268786486 2940.0 95
1761268794622 2940.0 96
1761268802696 2940.0 97
1761268810845 2940.0 98
1761268818945 2940.0 99
