1761210559247 1789.0 0
1761210559581 1671.0 1
1761210559905 1580.0 2
1761210560216 1282.0 3
1761210560519 1180.0 4
1761210560820 1171.0 5
1761210561115 1171.0 6
1761210561408 1071.0 7
1761210561697 1063.0 8
1761210562056 1063.0 9
1761210562351 963.0 10
1761210562639 963.0 11
1761210562930 863.0 12
1761210563222 863.0 13
1761210563511 763.0 14
1761210563792 763.0 15
1761210564075 763.0 16
1761210564355 763.0 17
1761210564698 756.0 18
1761210564977 656.0 19
1761210565270 656.0 20
1761210565574 656.0 21
1761210565873 656.0 22
1761210566173 654.0 23
1761210566465 654.0 24
1761210566761 654.0 25
1761210567047 654.0 26
1761210567404 654.0 27
1761210567697 654.0 28
1761210567993 654.0 29
1761210568282 554.0 30
1761210568573 554.0 31
1761210568863 552.0 32
1761210569157 552.0 33
1761210569442 550.0 34
1761210569733 450.0 35
1761210570012 448.0 36
1761210570354 448.0 37
1761210570639 448.0 38
1761210570922 448.0 39
1761210571202 448.0 40
1761210571482 448.0 41
1761210571762 448.0 42
1761210572040 448.0 43
1761210572321 348.0 44
1761210572604 348.0 45
1761210572950 348.0 46
1761210573232 348.0 47
1761210573513 348.0 48
1761210573797 348.0 49
1761210574077 348.0 50
1761210574356 348.0 51
1761210574634 348.0 52
1761210574917 348.0 53
1761210575193 342.0 54
1761210575470 342.0 55
1761210575803 342.0 56
1761210576088 342.0 57
1761210576367 342.0 58
1761210576647 342.0 59
1761210576925 342.0 60
1761210577202 342.0 61
1761210577481 342.0 62
1761210577763 336.0 63
1761210578040 336.0 64
1761210578365 336.0 65
1761210578639 336.0 66
1761210578915 336.0 67
1761210579189 336.0 68
1761210579463 336.0 69
1761210579747 336.0 70
1761210580020 336.0 71
1761210580293 336.0 72
1761210580568 336.0 73
1761210580842 336.0 74
1761210581177 336.0 75
1761210581450 336.0 76
1761210581722 336.0 77
1761210581996 336.0 78
1761210582269 336.0 79
1761210582536 336.0 80
1761210582811 336.0 81
1761210583083 336.0 82
1761210583358 336.0 83
1761210583697 336.0 84
1761210583971 336.0 85
1761210584244 336.0 86
1761210584520 336.0 87
1761210584792 336.0 88
1761210585065 336.0 89
1761210585334 336.0 90
1761210585608 336.0 91
1761210585878 336.0 92
1761210586221 336.0 93
1761210586494 336.0 94
1761210586768 336.0 95
1761210587040 336.0 96
1761210587315 336.0 97
1761210587588 336.0 98
1761210587862 336.0 99
