1761269556487 2152.0 0
1761269556834 2152.0 1
1761269557112 2152.0 2
1761269557394 2152.0 3
1761269557679 2152.0 4
1761269557959 2152.0 5
1761269558241 2152.0 6
1761269558522 2152.0 7
1761269558806 2152.0 8
1761269559082 2152.0 9
1761269559355 2152.0 10
1761269559675 2152.0 11
1761269559960 2152.0 12
1761269560235 2152.0 13
1761269560506 2152.0 14
1761269560788 2152.0 15
1761269561068 2152.0 16
1761269561344 2152.0 17
1761269561624 2152.0 18
1761269561905 2152.0 19
1761269562177 2152.0 20
1761269562457 2152.0 21
1761269562734 2152.0 22
1761269563011 2152.0 23
1761269563287 2152.0 24
1761269563571 2152.0 25
1761269563850 2152.0 26
1761269564125 2152.0 27
1761269564403 2152.0 28
1761269564677 2152.0 29
1761269564957 2152.0 30
1761269565233 2152.0 31
1761269565511 2152.0 32
1761269565789 2152.0 33
1761269566065 2152.0 34
1761269566344 2152.0 35
1761269566642 2152.0 36
1761269566927 2152.0 37
1761269567209 2152.0 38
1761269567492 2152.0 39
1761269567778 2152.0 40
1761269568056 2152.0 41
1761269568338 2152.0 42
1761269568619 2152.0 43
1761269568899 2152.0 44
1761269569178 2152.0 45
1761269569457 2152.0 46
1761269569734 2152.0 47
1761269570007 2152.0 48
1761269570289 2152.0 49
1761269570569 2152.0 50
1761269570850 2152.0 51
1761269571130 2152.0 52
1761269571416 2152.0 53
1761269571693 2152.0 54
1761269571977 2152.0 55
1761269572254 2152.0 56
1761269572534 2152.0 57
1761269572816 2152.0 58
1761269573098 2152.0 59
1761269573379 2152.0 60
1761269573664 2152.0 61
1761269573946 2152.0 62
1761269574225 2152.0 63
1761269574508 2152.0 64
1761269574787 2152.0 65
1761269575066 2152.0 66
1761269575345 2152.0 67
1761269575625 2152.0 68
1761269575900 2152.0 69
1761269576178 2152.0 70
1761269576461 2152.0 71
1761269576738 2152.0 72
1761269577017 2152.0 73
1761269577297 2152.0 74
1761269577592 2152.0 75
1761269577871 2152.0 76
1761269578159 2152.0 77
1761269578435 2152.0 78
1761269578711 2152.0 79
1761269578998 2152.0 80
1761269579279 2152.0 81
1761269579561 2152.0 82
1761269579843 2152.0 83
1761269580123 2152.0 84
1761269580404 2152.0 85
1761269580686 2152.0 86
1761269580970 2152.0 87
1761269581246 2152.0 88
1761269581527 2152.0 89
1761269581807 2152.0 90
1761269582084 2152.0 91
1761269582362 2152.0 92
1761269582642 2152.0 93
1761269582920 2152.0 94
1761269583198 2152.0 95
1761269583476 2152.0 96
1761269583759 2152.0 97
1761269584040 2152.0 98
1761269584315 2152.0 99
