1771903178403 3404.0 0
1771903199443 2964.0 1
1771903221338 2964.0 2
1771903243358 2964.0 3
1771903265840 2964.0 4
1771903288906 2964.0 5
1771903312186 2964.0 6
1771903335542 2964.0 7
1771903359299 2964.0 8
1771903382808 2964.0 9
1771903406870 2964.0 10
1771903431601 2964.0 11
1771903456370 2964.0 12
1771903481645 2964.0 13
1771903506642 2964.0 14
1771903532156 2964.0 15
1771903557498 2964.0 16
1771903582967 2964.0 17
1771903608675 2964.0 18
1771903634738 2964.0 19
1771903660235 2964.0 20
1771903686492 2964.0 21
1771903712355 2964.0 22
1771903738204 2964.0 23
1771903763878 2964.0 24
1771903790379 2964.0 25
1771903816144 2964.0 26
1771903842415 2964.0 27
1771903868775 2964.0 28
1771903894882 2964.0 29
1771903921086 2964.0 30
1771903947996 2964.0 31
1771903974605 2964.0 32
1771904001315 2964.0 33
1771904026586 2964.0 34
1771904050980 2964.0 35
1771904074649 2964.0 36
1771904098700 2964.0 37
1771904122456 2964.0 38
1771904146453 2964.0 39
1771904170333 2964.0 40
1771904193806 2964.0 41
1771904217307 2964.0 42
1771904240775 2964.0 43
1771904263633 2964.0 44
1771904287205 2964.0 45
1771904310379 2964.0 46
1771904334255 2964.0 47
1771904358652 2964.0 48
1771904382548 2964.0 49
1771904405952 2964.0 50
1771904430259 2964.0 51
1771904454463 2964.0 52
1771904478477 2964.0 53
1771904503072 2964.0 54
1771904528637 2964.0 55
1771904557525 2964.0 56
1771904586614 2964.0 57
1771904614765 2964.0 58
1771904643583 2964.0 59
1771904672643 2964.0 60
1771904701334 2964.0 61
1771904731539 2964.0 62
1771904763055 2964.0 63
1771904793779 2964.0 64
1771904823512 2964.0 65
1771904852167 2964.0 66
1771904881039 2964.0 67
1771904910100 2964.0 68
1771904938654 2964.0 69
1771904966665 2964.0 70
1771904994721 2964.0 71
1771905022440 2964.0 72
1771905051090 2964.0 73
1771905079740 2964.0 74
1771905108401 2964.0 75
1771905137456 2964.0 76
1771905166410 2964.0 77
1771905195275 2964.0 78
1771905224157 2964.0 79
1771905253398 2964.0 80
1771905282327 2964.0 81
1771905311150 2964.0 82
1771905340102 2964.0 83
1771905369085 2964.0 84
1771905397744 2964.0 85
1771905426634 2964.0 86
1771905453989 2964.0 87
1771905481385 2964.0 88
1771905508823 2964.0 89
1771905536496 2964.0 90
1771905564008 2964.0 91
1771905591264 2964.0 92
1771905618249 2964.0 93
1771905644662 2964.0 94
1771905671752 2964.0 95
1771905699073 2964.0 96
1771905726467 2964.0 97
1771905752668 2964.0 98
1771905779739 2964.0 99
