1761206393722 1878.0 0
1761206394073 1878.0 1
1761206394359 1878.0 2
1761206394647 1878.0 3
1761206394938 1878.0 4
1761206395227 1878.0 5
1761206395518 1878.0 6
1761206395811 1878.0 7
1761206396108 1878.0 8
1761206396395 1878.0 9
1761206396676 1878.0 10
1761206396965 1878.0 11
1761206397254 1878.0 12
1761206397545 1878.0 13
1761206397832 1878.0 14
1761206398128 1878.0 15
1761206398416 1878.0 16
1761206398707 1878.0 17
1761206398995 1878.0 18
1761206399287 1878.0 19
1761206399583 1878.0 20
1761206399874 1878.0 21
1761206400163 1878.0 22
1761206400454 1878.0 23
1761206400747 1878.0 24
1761206401040 1878.0 25
1761206401330 1878.0 26
1761206401627 1878.0 27
1761206401910 1878.0 28
1761206402203 1878.0 29
1761206402495 1878.0 30
1761206402785 1878.0 31
1761206403073 1878.0 32
1761206403364 1878.0 33
1761206403652 1878.0 34
1761206403940 1878.0 35
1761206404233 1878.0 36
1761206404537 1878.0 37
1761206404831 1878.0 38
1761206405127 1878.0 39
1761206405421 1878.0 40
1761206405721 1878.0 41
1761206406013 1878.0 42
1761206406308 1878.0 43
1761206406602 1878.0 44
1761206406892 1878.0 45
1761206407178 1878.0 46
1761206407468 1878.0 47
1761206407757 1878.0 48
1761206408044 1878.0 49
1761206408336 1878.0 50
1761206408633 1878.0 51
1761206408928 1878.0 52
1761206409218 1878.0 53
1761206409506 1878.0 54
1761206409798 1878.0 55
1761206410089 1878.0 56
1761206410385 1878.0 57
1761206410678 1878.0 58
1761206410969 1878.0 59
1761206411259 1878.0 60
1761206411546 1878.0 61
1761206411836 1878.0 62
1761206412126 1878.0 63
1761206412413 1878.0 64
1761206412705 1878.0 65
1761206412996 1878.0 66
1761206413287 1878.0 67
1761206413583 1878.0 68
1761206413875 1878.0 69
1761206414168 1878.0 70
1761206414461 1878.0 71
1761206414751 1878.0 72
1761206415062 1878.0 73
1761206415354 1878.0 74
1761206415649 1878.0 75
1761206415942 1878.0 76
1761206416237 1878.0 77
1761206416535 1878.0 78
1761206416826 1878.0 79
1761206417118 1878.0 80
1761206417414 1878.0 81
1761206417703 1878.0 82
1761206417998 1878.0 83
1761206418295 1878.0 84
1761206418591 1878.0 85
1761206418885 1878.0 86
1761206419173 1878.0 87
1761206419472 1878.0 88
1761206419768 1878.0 89
1761206420059 1878.0 90
1761206420361 1878.0 91
1761206420659 1878.0 92
1761206420953 1878.0 93
1761206421247 1878.0 94
1761206421539 1878.0 95
1761206421833 1878.0 96
1761206422125 1878.0 97
1761206422419 1878.0 98
1761206422710 1878.0 99
