1761124121446 21088.0 0
1761124124892 20985.0 1
1761124128334 20985.0 2
1761124131794 20691.0 3
1761124135201 20691.0 4
1761124138590 20591.0 5
1761124141993 20491.0 6
1761124145391 20391.0 7
1761124148899 20290.0 8
1761124152326 20290.0 9
1761124155754 20182.0 10
1761124159196 20182.0 11
1761124162697 20090.0 12
1761124166107 20090.0 13
1761124169579 20090.0 14
1761124173025 19985.0 15
1761124176538 19985.0 16
1761124179978 19985.0 17
1761124183450 19883.0 18
1761124186934 19490.0 19
1761124190409 19490.0 20
1761124193918 19490.0 21
1761124197351 19490.0 22
1761124200825 19290.0 23
1761124204267 19290.0 24
1761124207706 19189.0 25
1761124211263 18989.0 26
1761124214741 18891.0 27
1761124218208 18791.0 28
1761124221711 18791.0 29
1761124225264 18690.0 30
1761124228750 18598.0 31
1761124232247 18498.0 32
1761124235744 18498.0 33
1761124239268 18406.0 34
1761124242772 18406.0 35
1761124246260 18406.0 36
1761124249735 18308.0 37
1761124253275 18208.0 38
1761124256822 18208.0 39
1761124260307 18208.0 40
1761124263760 18101.0 41
1761124267268 18001.0 42
1761124270836 17999.0 43
1761124274373 17999.0 44
1761124277882 17999.0 45
1761124281394 17999.0 46
1761124284935 17899.0 47
1761124288487 17799.0 48
1761124291987 17799.0 49
1761124295529 17799.0 50
1761124299038 17799.0 51
1761124302569 17794.0 52
1761124306194 17694.0 53
1761124309714 17694.0 54
1761124313230 17496.0 55
1761124316751 17496.0 56
1761124320308 17196.0 57
1761124323925 17196.0 58
1761124327481 17196.0 59
1761124330991 17196.0 60
1761124334513 17196.0 61
1761124338156 17196.0 62
1761124341658 17196.0 63
1761124345225 17196.0 64
1761124348815 17090.0 65
1761124352366 17090.0 66
1761124355999 17090.0 67
1761124359564 16990.0 68
1761124363159 16990.0 69
1761124366728 16990.0 70
1761124370289 16990.0 71
1761124373925 16890.0 72
1761124377558 16890.0 73
1761124381120 16890.0 74
1761124384681 16890.0 75
1761124388280 16890.0 76
1761124391839 16890.0 77
1761124395481 16782.0 78
1761124399085 16782.0 79
1761124402660 16782.0 80
1761124406233 16782.0 81
1761124409884 16782.0 82
1761124413510 16782.0 83
1761124417092 16773.0 84
1761124420709 16773.0 85
1761124424325 16773.0 86
1761124427888 16773.0 87
1761124431603 16773.0 88
1761124435193 16616.0 89
1761124438816 16516.0 90
1761124442450 16516.0 91
1761124446043 16468.0 92
1761124449719 16466.0 93
1761124453309 16416.0 94
1761124456931 16416.0 95
1761124460564 16416.0 96
1761124464173 16216.0 97
1761124467782 16216.0 98
1761124471463 16022.0 99
