1761208514328 3021.0 0
1761208514814 3021.0 1
1761208515242 3021.0 2
1761208515659 3021.0 3
1761208516078 3021.0 4
1761208516507 3021.0 5
1761208516931 3021.0 6
1761208517359 3021.0 7
1761208517773 3021.0 8
1761208518190 3021.0 9
1761208518615 3021.0 10
1761208519030 3021.0 11
1761208519442 3021.0 12
1761208519867 3021.0 13
1761208520291 3021.0 14
1761208520714 3021.0 15
1761208521125 3021.0 16
1761208521544 3021.0 17
1761208521960 3021.0 18
1761208522376 3021.0 19
1761208522799 3021.0 20
1761208523215 3021.0 21
1761208523638 3021.0 22
1761208524046 3021.0 23
1761208524458 3021.0 24
1761208524884 3021.0 25
1761208525305 3021.0 26
1761208525731 3021.0 27
1761208526148 3021.0 28
1761208526564 3021.0 29
1761208526977 3021.0 30
1761208527391 3021.0 31
1761208527810 3021.0 32
1761208528216 3021.0 33
1761208528631 3021.0 34
1761208529050 3021.0 35
1761208529462 3021.0 36
1761208529876 3021.0 37
1761208530292 3021.0 38
1761208530707 3021.0 39
1761208531118 3021.0 40
1761208531527 3021.0 41
1761208531947 3021.0 42
1761208532359 3021.0 43
1761208532771 3021.0 44
1761208533184 3021.0 45
1761208533588 3021.0 46
1761208534009 3021.0 47
1761208534419 3021.0 48
1761208534836 3021.0 49
1761208535255 3021.0 50
1761208535664 3021.0 51
1761208536082 3021.0 52
1761208536495 3021.0 53
1761208536915 3021.0 54
1761208537326 3021.0 55
1761208537739 3021.0 56
1761208538149 3021.0 57
1761208538558 3021.0 58
1761208538962 3021.0 59
1761208539369 3021.0 60
1761208539784 3021.0 61
1761208540199 3021.0 62
1761208540616 3021.0 63
1761208541035 3021.0 64
1761208541451 3021.0 65
1761208541860 3021.0 66
1761208542270 3021.0 67
1761208542676 3021.0 68
1761208543091 3021.0 69
1761208543493 3021.0 70
1761208543898 3021.0 71
1761208544305 3021.0 72
1761208544709 3021.0 73
1761208545112 3021.0 74
1761208545528 3021.0 75
1761208545948 3021.0 76
1761208546369 3021.0 77
1761208546786 3021.0 78
1761208547200 3021.0 79
1761208547615 3021.0 80
1761208548033 3021.0 81
1761208548443 3021.0 82
1761208548853 3021.0 83
1761208549260 3021.0 84
1761208549678 3021.0 85
1761208550097 3021.0 86
1761208550517 3021.0 87
1761208550934 3021.0 88
1761208551352 3021.0 89
1761208551768 3021.0 90
1761208552179 3021.0 91
1761208552591 3021.0 92
1761208553004 3021.0 93
1761208553418 3021.0 94
1761208553836 3021.0 95
1761208554255 3021.0 96
1761208554668 3021.0 97
1761208555084 3021.0 98
1761208555512 3021.0 99
