1771922905426 3068.0 0
1771922906943 3068.0 1
1771922908345 3068.0 2
1771922909535 3068.0 3
1771922910680 3068.0 4
1771922911917 3068.0 5
1771922913121 3068.0 6
1771922914469 3068.0 7
1771922915643 3068.0 8
1771922916825 3068.0 9
1771922918006 3068.0 10
1771922919203 3068.0 11
1771922920425 3068.0 12
1771922921724 3068.0 13
1771922922953 3068.0 14
1771922924114 3068.0 15
1771922925329 3068.0 16
1771922926492 3068.0 17
1771922927650 3068.0 18
1771922928882 3068.0 19
1771922930139 3068.0 20
1771922931321 3068.0 21
1771922932540 3068.0 22
1771922933745 3068.0 23
1771922934970 3068.0 24
1771922936244 3068.0 25
1771922937403 3068.0 26
1771922938586 3068.0 27
1771922939763 3068.0 28
1771922941000 3068.0 29
1771922942155 3068.0 30
1771922943373 3068.0 31
1771922944516 3068.0 32
1771922945708 3068.0 33
1771922946844 3068.0 34
1771922947963 3068.0 35
1771922949107 3068.0 36
1771922950311 3068.0 37
1771922951469 3068.0 38
1771922952652 3068.0 39
1771922953851 3068.0 40
1771922955015 3068.0 41
1771922956213 3068.0 42
1771922957414 3068.0 43
1771922958551 3068.0 44
1771922959708 3068.0 45
1771922960905 3068.0 46
1771922962075 3068.0 47
1771922963256 3068.0 48
1771922964517 3068.0 49
1771922965694 3068.0 50
1771922966873 3068.0 51
1771922968028 3068.0 52
1771922969200 3068.0 53
1771922970372 3068.0 54
1771922971693 3068.0 55
1771922972808 3068.0 56
1771922973954 3068.0 57
1771922975097 3068.0 58
1771922976355 3068.0 59
1771922977550 3068.0 60
1771922978789 3068.0 61
1771922979947 3068.0 62
1771922981094 3068.0 63
1771922982276 3068.0 64
1771922983433 3068.0 65
1771922984603 3068.0 66
1771922985989 3068.0 67
1771922987196 3068.0 68
1771922988333 3068.0 69
1771922989464 3068.0 70
1771922990597 3068.0 71
1771922991817 3068.0 72
1771922993127 3068.0 73
1771922994343 3068.0 74
1771922995528 3068.0 75
1771922996694 3068.0 76
1771922997930 3068.0 77
1771922999105 3068.0 78
1771923000391 3068.0 79
1771923001570 3068.0 80
1771923002784 3068.0 81
1771923003974 3068.0 82
1771923005139 3068.0 83
1771923006331 3068.0 84
1771923007654 3068.0 85
1771923008834 3068.0 86
1771923009988 3068.0 87
1771923011189 3068.0 88
1771923012340 3068.0 89
1771923013572 3068.0 90
1771923014869 3068.0 91
1771923016058 3068.0 92
1771923017249 3068.0 93
1771923018446 3068.0 94
1771923019581 3068.0 95
1771923020723 3068.0 96
1771923022107 3068.0 97
1771923023484 3068.0 98
1771923024674 3068.0 99
