1761279416753 2161.0 0
1761279422993 2161.0 1
1761279429366 2161.0 2
1761279435898 2161.0 3
1761279442592 1861.0 4
1761279449327 1861.0 5
1761279456197 1861.0 6
1761279463183 1773.0 7
1761279470312 1665.0 8
1761279477410 1665.0 9
1761279484560 1665.0 10
1761279491724 1665.0 11
1761279498953 1665.0 12
1761279506339 1665.0 13
1761279513637 1665.0 14
1761279520983 1665.0 15
1761279528353 1665.0 16
1761279535815 1665.0 17
1761279543237 1665.0 18
1761279550625 1665.0 19
1761279558055 1665.0 20
1761279565551 1665.0 21
1761279572968 1665.0 22
1761279580445 1665.0 23
1761279587940 1665.0 24
1761279595473 1665.0 25
1761279603017 1665.0 26
1761279610403 1665.0 27
1761279617827 1665.0 28
1761279625331 1665.0 29
1761279632811 1665.0 30
1761279640278 1665.0 31
1761279647714 1665.0 32
1761279655199 1665.0 33
1761279662665 1665.0 34
1761279670134 1665.0 35
1761279677601 1665.0 36
1761279685141 1665.0 37
1761279692633 1665.0 38
1761279700215 1665.0 39
1761279707756 1665.0 40
1761279715307 1665.0 41
1761279722859 1665.0 42
1761279730361 1665.0 43
1761279737935 1665.0 44
1761279745443 1665.0 45
1761279753005 1665.0 46
1761279760557 1665.0 47
1761279768174 1665.0 48
1761279775724 1665.0 49
1761279783327 1665.0 50
1761279790866 1665.0 51
1761279798431 1665.0 52
1761279805922 1665.0 53
1761279813490 1665.0 54
1761279821044 1665.0 55
1761279828556 1665.0 56
1761279836104 1665.0 57
1761279843627 1665.0 58
1761279851058 1665.0 59
1761279858536 1665.0 60
1761279866104 1665.0 61
1761279873634 1665.0 62
1761279881141 1665.0 63
1761279888677 1665.0 64
1761279896212 1665.0 65
1761279903794 1665.0 66
1761279911239 1665.0 67
1761279918677 1665.0 68
1761279926163 1665.0 69
1761279933694 1665.0 70
1761279941242 1665.0 71
1761279948764 1665.0 72
1761279956280 1665.0 73
1761279963913 1665.0 74
1761279971469 1665.0 75
1761279978948 1665.0 76
1761279986511 1665.0 77
1761279995378 1665.0 78
1761280004908 1665.0 79
1761280014350 1665.0 80
1761280023284 1665.0 81
1761280032469 1665.0 82
1761280041652 1665.0 83
1761280050787 1665.0 84
1761280060014 1665.0 85
1761280069428 1665.0 86
1761280078759 1665.0 87
1761280088006 1665.0 88
1761280096881 1665.0 89
1761280105507 1665.0 90
1761280114283 1665.0 91
1761280123049 1665.0 92
1761280131670 1665.0 93
1761280140453 1665.0 94
1761280149040 1665.0 95
1761280157955 1665.0 96
1761280166676 1665.0 97
1761280175354 1665.0 98
1761280184208 1665.0 99
