1761209378555 3143.0 0
1761209379401 2943.0 1
1761209380258 2834.0 2
1761209381120 2834.0 3
1761209381979 2834.0 4
1761209382848 2827.0 5
1761209383701 2827.0 6
1761209384543 2727.0 7
1761209385403 2720.0 8
1761209386258 2720.0 9
1761209387110 2720.0 10
1761209387978 2720.0 11
1761209388832 2620.0 12
1761209389722 2620.0 13
1761209390593 2620.0 14
1761209391437 2620.0 15
1761209392272 2620.0 16
1761209393120 2620.0 17
1761209393976 2620.0 18
1761209394862 2620.0 19
1761209395715 2620.0 20
1761209396568 2620.0 21
1761209397417 2620.0 22
1761209398276 2620.0 23
1761209399145 2620.0 24
1761209399991 2620.0 25
1761209400825 2620.0 26
1761209401666 2620.0 27
1761209402514 2620.0 28
1761209403388 2620.0 29
1761209404247 2613.0 30
1761209405085 2613.0 31
1761209405917 2613.0 32
1761209406779 2613.0 33
1761209407615 2613.0 34
1761209408463 2600.0 35
1761209409332 2600.0 36
1761209410180 2600.0 37
1761209411046 2600.0 38
1761209411893 2513.0 39
1761209412736 2413.0 40
1761209413584 2313.0 41
1761209414441 2313.0 42
1761209415293 2211.0 43
1761209416151 1911.0 44
1761209416996 1911.0 45
1761209417811 1911.0 46
1761209418648 1911.0 47
1761209419511 1911.0 48
1761209420364 1896.0 49
1761209421217 1896.0 50
1761209422073 1896.0 51
1761209422917 1896.0 52
1761209423757 1896.0 53
1761209424586 1604.0 54
1761209425425 1604.0 55
1761209426237 1604.0 56
1761209427081 1604.0 57
1761209427913 1604.0 58
1761209428753 1596.0 59
1761209429601 1496.0 60
1761209430478 1496.0 61
1761209431315 1496.0 62
1761209432156 1496.0 63
1761209433011 1496.0 64
1761209433851 1396.0 65
1761209434698 1396.0 66
1761209435534 1396.0 67
1761209436368 1396.0 68
1761209437201 1396.0 69
1761209438030 1396.0 70
1761209438871 1396.0 71
1761209439708 1396.0 72
1761209440571 1396.0 73
1761209441423 1396.0 74
1761209442269 1396.0 75
1761209443110 1396.0 76
1761209443948 1396.0 77
1761209444790 1396.0 78
1761209445661 1396.0 79
1761209446504 1396.0 80
1761209447386 1396.0 81
1761209448226 1396.0 82
1761209449073 1396.0 83
1761209449925 1396.0 84
1761209450856 1396.0 85
1761209451716 1396.0 86
1761209452576 1396.0 87
1761209453437 1396.0 88
1761209454296 1396.0 89
1761209455158 1396.0 90
1761209456050 1396.0 91
1761209456908 1396.0 92
1761209457780 1396.0 93
1761209458635 1396.0 94
1761209459475 1396.0 95
1761209460348 1396.0 96
1761209461223 1396.0 97
1761209462107 1300.0 98
1761209462942 1300.0 99
