1761185573204 20668.0 0
1761185575105 19809.0 1
1761185577046 19385.0 2
1761185579030 18796.0 3
1761185580952 18572.0 4
1761185582855 18365.0 5
1761185584846 18165.0 6
1761185586755 18065.0 7
1761185588652 17965.0 8
1761185590614 17865.0 9
1761185592527 17765.0 10
1761185594439 17672.0 11
1761185596439 17670.0 12
1761185598379 17570.0 13
1761185600317 17370.0 14
1761185602309 17370.0 15
1761185604258 17270.0 16
1761185606228 17263.0 17
1761185608155 17170.0 18
1761185610148 17063.0 19
1761185612090 17063.0 20
1761185614030 16963.0 21
1761185616057 16763.0 22
1761185617996 16563.0 23
1761185619933 16463.0 24
1761185621943 16363.0 25
1761185623880 16357.0 26
1761185625865 16357.0 27
1761185627872 16357.0 28
1761185629810 16257.0 29
1761185631766 16057.0 30
1761185633778 15957.0 31
1761185635747 15857.0 32
1761185637703 15757.0 33
1761185639647 15557.0 34
1761185641667 15457.0 35
1761185643613 15357.0 36
1761185645563 15257.0 37
1761185647571 15164.0 38
1761185649547 15157.0 39
1761185651510 15149.0 40
1761185653512 15149.0 41
1761185655438 15049.0 42
1761185657384 14957.0 43
1761185659387 14857.0 44
1761185661335 14756.0 45
1761185663273 14656.0 46
1761185665294 14556.0 47
1761185667281 14556.0 48
1761185669224 14464.0 49
1761185671244 14364.0 50
1761185673214 14357.0 51
1761185675151 14257.0 52
1761185677148 14165.0 53
1761185679164 14165.0 54
1761185681140 14065.0 55
1761185683159 13965.0 56
1761185685183 13956.0 57
1761185687138 13856.0 58
1761185689089 13749.0 59
1761185691080 13649.0 60
1761185693020 13549.0 61
1761185694965 13549.0 62
1761185696992 13451.0 63
1761185698966 13351.0 64
1761185700930 13151.0 65
1761185702967 13051.0 66
1761185704928 12953.0 67
1761185706887 12853.0 68
1761185708950 12853.0 69
1761185710904 12853.0 70
1761185712867 12851.0 71
1761185714830 12851.0 72
1761185716850 12851.0 73
1761185718844 12751.0 74
1761185720813 12651.0 75
1761185722849 12551.0 76
1761185724809 12551.0 77
1761185726774 12551.0 78
1761185728866 12551.0 79
1761185730850 12543.0 80
1761185732837 12451.0 81
1761185734865 12351.0 82
1761185736843 12262.0 83
1761185738873 12156.0 84
1761185740944 12148.0 85
1761185742949 12041.0 86
1761185744940 12039.0 87
1761185747007 12039.0 88
1761185749039 11941.0 89
1761185751040 11939.0 90
1761185753061 11841.0 91
1761185755143 11841.0 92
1761185757156 11741.0 93
1761185759199 11641.0 94
1761185761271 11541.0 95
1761185763292 11449.0 96
1761185765316 11349.0 97
1761185767398 11349.0 98
1761185769438 11249.0 99
