1761197865148 1674.0 0
1761197865537 1674.0 1
1761197865859 1674.0 2
1761197866189 1674.0 3
1761197866517 1674.0 4
1761197866842 1674.0 5
1761197867166 1674.0 6
1761197867500 1674.0 7
1761197867826 1674.0 8
1761197868155 1674.0 9
1761197868483 1674.0 10
1761197868814 1674.0 11
1761197869136 1674.0 12
1761197869459 1674.0 13
1761197869788 1674.0 14
1761197870115 1674.0 15
1761197870445 1674.0 16
1761197870766 1674.0 17
1761197871100 1674.0 18
1761197871422 1674.0 19
1761197871748 1674.0 20
1761197872064 1674.0 21
1761197872400 1674.0 22
1761197872715 1674.0 23
1761197873033 1674.0 24
1761197873372 1674.0 25
1761197873707 1674.0 26
1761197874038 1674.0 27
1761197874367 1674.0 28
1761197874686 1674.0 29
1761197875009 1674.0 30
1761197875328 1674.0 31
1761197875653 1674.0 32
1761197875971 1674.0 33
1761197876298 1674.0 34
1761197876639 1674.0 35
1761197876954 1674.0 36
1761197877293 1674.0 37
1761197877621 1674.0 38
1761197877944 1674.0 39
1761197878264 1674.0 40
1761197878598 1674.0 41
1761197878917 1674.0 42
1761197879237 1674.0 43
1761197879563 1674.0 44
1761197879880 1674.0 45
1761197880196 1674.0 46
1761197880508 1674.0 47
1761197880825 1674.0 48
1761197881139 1674.0 49
1761197881456 1674.0 50
1761197881771 1674.0 51
1761197882081 1674.0 52
1761197882393 1674.0 53
1761197882711 1674.0 54
1761197883025 1674.0 55
1761197883350 1674.0 56
1761197883681 1674.0 57
1761197884001 1674.0 58
1761197884340 1674.0 59
1761197884672 1674.0 60
1761197885010 1674.0 61
1761197885347 1674.0 62
1761197885685 1674.0 63
1761197886021 1674.0 64
1761197886374 1674.0 65
1761197886715 1674.0 66
1761197887055 1674.0 67
1761197887395 1674.0 68
1761197887737 1674.0 69
1761197888070 1674.0 70
1761197888403 1674.0 71
1761197888738 1674.0 72
1761197889075 1674.0 73
1761197889413 1674.0 74
1761197889756 1674.0 75
1761197890076 1674.0 76
1761197890392 1674.0 77
1761197890725 1674.0 78
1761197891064 1674.0 79
1761197891396 1674.0 80
1761197891721 1674.0 81
1761197892032 1674.0 82
1761197892371 1674.0 83
1761197892705 1674.0 84
1761197893040 1674.0 85
1761197893374 1674.0 86
1761197893703 1674.0 87
1761197894025 1674.0 88
1761197894356 1674.0 89
1761197894702 1674.0 90
1761197895036 1674.0 91
1761197895370 1674.0 92
1761197895701 1674.0 93
1761197896036 1674.0 94
1761197896363 1674.0 95
1761197896686 1674.0 96
1761197897041 1674.0 97
1761197897383 1674.0 98
1761197897729 1674.0 99
