1771370210402 21537.0 0
1771370220028 21537.0 1
1771370229732 21426.0 2
1771370239597 21232.0 3
1771370249548 21034.0 4
1771370259444 20934.0 5
1771370269179 20926.0 6
1771370279020 20926.0 7
1771370288857 20926.0 8
1771370299058 20926.0 9
1771370308923 20926.0 10
1771370318669 20876.0 11
1771370328545 20679.0 12
1771370338359 20679.0 13
1771370348482 20679.0 14
1771370358630 20679.0 15
1771370368431 20618.0 16
1771370378383 20388.0 17
1771370388189 20318.0 18
1771370398082 20318.0 19
1771370408693 20318.0 20
1771370418625 20318.0 21
1771370428668 20318.0 22
1771370438453 20318.0 23
1771370448333 20118.0 24
1771370458195 20018.0 25
1771370468233 19918.0 26
1771370478168 19918.0 27
1771370488034 19912.0 28
1771370497900 19886.0 29
1771370507882 19878.0 30
1771370517869 19771.0 31
1771370527743 19671.0 32
1771370537726 19620.0 33
1771370547690 19578.0 34
1771370556983 19578.0 35
1771370566085 19578.0 36
1771370575240 19420.0 37
1771370584390 19420.0 38
1771370593519 19418.0 39
1771370602688 19418.0 40
1771370611787 19323.0 41
1771370620888 19323.0 42
1771370629894 19042.0 43
1771370638961 18942.0 44
1771370647989 18842.0 45
1771370657097 18736.0 46
1771370666248 18736.0 47
1771370675393 18636.0 48
1771370684372 18536.0 49
1771370693434 18536.0 50
1771370702619 18427.0 51
1771370711822 18427.0 52
1771370720959 18427.0 53
1771370730175 18327.0 54
1771370739376 18227.0 55
1771370748485 18227.0 56
1771370757615 18227.0 57
1771370766609 18018.0 58
1771370775761 18018.0 59
1771370784826 18018.0 60
1771370793846 18018.0 61
1771370802878 17927.0 62
1771370811966 17927.0 63
1771370821284 17827.0 64
1771370830450 17827.0 65
1771370839676 17827.0 66
1771370848990 17827.0 67
1771370860071 17529.0 68
1771370870266 17529.0 69
1771370879401 17529.0 70
1771370888484 17529.0 71
1771370897557 17427.0 72
1771370906710 17227.0 73
1771370915996 17227.0 74
1771370925012 17227.0 75
1771370934117 17127.0 76
1771370943343 17127.0 77
1771370952775 17025.0 78
1771370962064 16827.0 79
1771370971304 16827.0 80
1771370980515 16827.0 81
1771370989805 16827.0 82
1771370998958 16727.0 83
1771371008239 16727.0 84
1771371017495 16727.0 85
1771371026456 16727.0 86
1771371035518 16527.0 87
1771371044645 16425.0 88
1771371053774 16325.0 89
1771371063003 16324.0 90
1771371072245 16224.0 91
1771371081538 16126.0 92
1771371090535 16126.0 93
1771371099580 16126.0 94
1771371108772 16124.0 95
1771371117909 16124.0 96
1771371127100 16124.0 97
1771371136434 16124.0 98
1771371145558 16023.0 99
