1761287459424 2945.0 0
1761287460314 2845.0 1
1761287461207 2845.0 2
1761287462078 2845.0 3
1761287462952 2745.0 4
1761287463815 2745.0 5
1761287464683 2705.0 6
1761287465572 2638.0 7
1761287466452 2544.0 8
1761287467332 2544.0 9
1761287468187 2544.0 10
1761287469039 2544.0 11
1761287469902 2544.0 12
1761287470799 2544.0 13
1761287471684 2507.0 14
1761287472558 2507.0 15
1761287473422 2507.0 16
1761287474303 2407.0 17
1761287475183 2407.0 18
1761287476044 2407.0 19
1761287476911 2407.0 20
1761287477793 2407.0 21
1761287478667 2407.0 22
1761287479551 2407.0 23
1761287480439 2407.0 24
1761287481322 2407.0 25
1761287482220 2407.0 26
1761287483099 2307.0 27
1761287483990 2307.0 28
1761287484874 2307.0 29
1761287485749 2307.0 30
1761287486630 2305.0 31
1761287487514 2205.0 32
1761287488381 2205.0 33
1761287489252 2205.0 34
1761287490122 2105.0 35
1761287491016 2105.0 36
1761287491894 2105.0 37
1761287492794 2005.0 38
1761287493679 2005.0 39
1761287494566 2005.0 40
1761287495452 2003.0 41
1761287496324 2003.0 42
1761287497202 2003.0 43
1761287498087 2003.0 44
1761287498978 2003.0 45
1761287499877 2003.0 46
1761287500769 2001.0 47
1761287501650 2001.0 48
1761287502574 1901.0 49
1761287503485 1901.0 50
1761287504377 1901.0 51
1761287505268 1701.0 52
1761287506142 1701.0 53
1761287507039 1701.0 54
1761287507929 1701.0 55
1761287508812 1601.0 56
1761287509719 1601.0 57
1761287510635 1601.0 58
1761287511530 1601.0 59
1761287512435 1601.0 60
1761287513351 1601.0 61
1761287514268 1601.0 62
1761287515159 1601.0 63
1761287516070 1601.0 64
1761287516968 1601.0 65
1761287517851 1601.0 66
1761287518753 1601.0 67
1761287519648 1601.0 68
1761287520563 1601.0 69
1761287521460 1601.0 70
1761287522394 1601.0 71
1761287523282 1601.0 72
1761287524202 1601.0 73
1761287525102 1601.0 74
1761287526001 1601.0 75
1761287526903 1601.0 76
1761287527779 1601.0 77
1761287528692 1504.0 78
1761287529590 1504.0 79
1761287530480 1504.0 80
1761287531377 1504.0 81
1761287532280 1504.0 82
1761287533182 1504.0 83
1761287534096 1496.0 84
1761287535016 1496.0 85
1761287535904 1496.0 86
1761287536819 1496.0 87
1761287537721 1496.0 88
1761287538606 1496.0 89
1761287539521 1496.0 90
1761287540435 1496.0 91
1761287541345 1496.0 92
1761287542241 1496.0 93
1761287543132 1496.0 94
1761287544048 1496.0 95
1761287544964 1496.0 96
1761287545933 1496.0 97
1761287546866 1496.0 98
1761287547772 1496.0 99
