1761114665970 21823.0 0
1761114687346 20992.0 1
1761114709305 20972.0 2
1761114731955 20972.0 3
1761114755357 20972.0 4
1761114778905 20972.0 5
1761114802906 20938.0 6
1761114827503 20938.0 7
1761114852219 20938.0 8
1761114877176 20938.0 9
1761114902500 20938.0 10
1761114928096 20938.0 11
1761114954381 20938.0 12
1761114980683 20938.0 13
1761115007136 20938.0 14
1761115033834 20932.0 15
1761115060817 20932.0 16
1761115087964 20932.0 17
1761115115452 20932.0 18
1761115142521 20932.0 19
1761115169994 20932.0 20
1761115197559 20932.0 21
1761115225120 20932.0 22
1761115252789 20932.0 23
1761115280262 20932.0 24
1761115307666 20932.0 25
1761115335223 20932.0 26
1761115362568 20932.0 27
1761115390143 20932.0 28
1761115417619 20932.0 29
1761115445211 20932.0 30
1761115473091 20932.0 31
1761115501182 20932.0 32
1761115529196 20932.0 33
1761115557145 20932.0 34
1761115584736 20932.0 35
1761115612417 20932.0 36
1761115639909 20932.0 37
1761115667476 20932.0 38
1761115695261 20932.0 39
1761115722854 20932.0 40
1761115750415 20932.0 41
1761115777941 20932.0 42
1761115805820 20932.0 43
1761115833573 20932.0 44
1761115861343 20932.0 45
1761115888985 20932.0 46
1761115916601 20932.0 47
1761115944141 20932.0 48
1761115971684 20932.0 49
1761115999239 20932.0 50
1761116027300 20932.0 51
1761116055603 20932.0 52
1761116081209 20932.0 53
1761116105971 20932.0 54
1761116130658 20932.0 55
1761116155320 20932.0 56
1761116179881 20932.0 57
1761116204595 20932.0 58
1761116229311 20932.0 59
1761116253732 20932.0 60
1761116278331 20932.0 61
1761116302489 20932.0 62
1761116328021 20932.0 63
1761116352502 20932.0 64
1761116376472 20932.0 65
1761116400571 20932.0 66
1761116424605 20932.0 67
1761116448604 20932.0 68
1761116472622 20932.0 69
1761116496672 20932.0 70
1761116520968 20932.0 71
1761116545118 20932.0 72
1761116569251 20932.0 73
1761116593588 20932.0 74
1761116617903 20932.0 75
1761116642388 20932.0 76
1761116666672 20932.0 77
1761116690978 20932.0 78
1761116715169 20932.0 79
1761116739483 20932.0 80
1761116763810 20932.0 81
1761116788103 20932.0 82
1761116812285 20932.0 83
1761116836416 20932.0 84
1761116860789 20932.0 85
1761116885165 20932.0 86
1761116909388 20932.0 87
1761116933714 20932.0 88
1761116957945 20932.0 89
1761116982142 20932.0 90
1761117006300 20932.0 91
1761117030610 20932.0 92
1761117054777 20932.0 93
1761117079152 20932.0 94
1761117103483 20932.0 95
1761117127728 20932.0 96
1761117152228 20932.0 97
1761117176525 20932.0 98
1761117200875 20932.0 99
