1761199119958 1677.0 0
1761199120306 1677.0 1
1761199120591 1677.0 2
1761199120878 1677.0 3
1761199121165 1677.0 4
1761199121458 1677.0 5
1761199121741 1677.0 6
1761199122042 1677.0 7
1761199122335 1677.0 8
1761199122633 1677.0 9
1761199122926 1677.0 10
1761199123215 1677.0 11
1761199123504 1677.0 12
1761199123788 1677.0 13
1761199124071 1677.0 14
1761199124360 1677.0 15
1761199124640 1677.0 16
1761199124925 1677.0 17
1761199125209 1677.0 18
1761199125505 1677.0 19
1761199125791 1677.0 20
1761199126069 1677.0 21
1761199126356 1677.0 22
1761199126655 1677.0 23
1761199126938 1677.0 24
1761199127221 1677.0 25
1761199127501 1677.0 26
1761199127787 1677.0 27
1761199128068 1677.0 28
1761199128355 1677.0 29
1761199128640 1677.0 30
1761199128919 1677.0 31
1761199129200 1677.0 32
1761199129483 1677.0 33
1761199129771 1677.0 34
1761199130060 1677.0 35
1761199130359 1677.0 36
1761199130654 1677.0 37
1761199130936 1677.0 38
1761199131220 1677.0 39
1761199131507 1677.0 40
1761199131797 1677.0 41
1761199132078 1677.0 42
1761199132360 1677.0 43
1761199132643 1677.0 44
1761199132927 1677.0 45
1761199133212 1677.0 46
1761199133494 1677.0 47
1761199133778 1677.0 48
1761199134060 1677.0 49
1761199134347 1677.0 50
1761199134637 1677.0 51
1761199134914 1677.0 52
1761199135200 1677.0 53
1761199135480 1677.0 54
1761199135766 1677.0 55
1761199136049 1677.0 56
1761199136336 1677.0 57
1761199136623 1677.0 58
1761199136905 1677.0 59
1761199137190 1677.0 60
1761199137478 1677.0 61
1761199137762 1677.0 62
1761199138051 1677.0 63
1761199138342 1677.0 64
1761199138633 1677.0 65
1761199138923 1677.0 66
1761199139208 1677.0 67
1761199139498 1677.0 68
1761199139786 1677.0 69
1761199140071 1677.0 70
1761199140358 1677.0 71
1761199140642 1677.0 72
1761199140935 1677.0 73
1761199141238 1677.0 74
1761199141522 1677.0 75
1761199141819 1677.0 76
1761199142106 1677.0 77
1761199142387 1677.0 78
1761199142669 1677.0 79
1761199142959 1677.0 80
1761199143240 1677.0 81
1761199143525 1677.0 82
1761199143811 1677.0 83
1761199144097 1677.0 84
1761199144382 1677.0 85
1761199144670 1677.0 86
1761199144960 1677.0 87
1761199145250 1677.0 88
1761199145536 1677.0 89
1761199145820 1677.0 90
1761199146103 1677.0 91
1761199146383 1677.0 92
1761199146672 1677.0 93
1761199146960 1677.0 94
1761199147254 1677.0 95
1761199147543 1677.0 96
1761199147828 1677.0 97
1761199148117 1677.0 98
1761199148405 1677.0 99
