1771355217594 20839.0 0
1771355222291 19752.0 1
1771355227053 18813.0 2
1771355231931 18228.0 3
1771355236879 17936.0 4
1771355241744 17523.0 5
1771355246799 17223.0 6
1771355251764 17223.0 7
1771355256822 17123.0 8
1771355261762 17023.0 9
1771355266659 16923.0 10
1771355271720 16923.0 11
1771355276676 16823.0 12
1771355281711 16623.0 13
1771355286669 16617.0 14
1771355291672 16517.0 15
1771355296757 16417.0 16
1771355301622 16317.0 17
1771355306546 16317.0 18
1771355311514 16217.0 19
1771355316459 16117.0 20
1771355321414 16117.0 21
1771355326296 16117.0 22
1771355331353 16117.0 23
1771355336420 16017.0 24
1771355341311 15917.0 25
1771355346382 15910.0 26
1771355351407 15810.0 27
1771355356288 15710.0 28
1771355361157 15610.0 29
1771355366096 15510.0 30
1771355371030 15510.0 31
1771355376028 15410.0 32
1771355380922 15310.0 33
1771355385906 15208.0 34
1771355390791 15108.0 35
1771355395731 15008.0 36
1771355400673 14910.0 37
1771355405665 14810.0 38
1771355410605 14810.0 39
1771355415614 14810.0 40
1771355420531 14810.0 41
1771355425613 14710.0 42
1771355430435 14696.0 43
1771355435401 14496.0 44
1771355440379 14396.0 45
1771355445536 14296.0 46
1771355450603 14196.0 47
1771355455701 14096.0 48
1771355460873 14088.0 49
1771355465956 13988.0 50
1771355471061 13988.0 51
1771355476098 13888.0 52
1771355481321 13888.0 53
1771355486259 13888.0 54
1771355491320 13881.0 55
1771355496344 13876.0 56
1771355501428 13676.0 57
1771355506476 13576.0 58
1771355511675 13576.0 59
1771355516698 13476.0 60
1771355521843 13476.0 61
1771355526913 13476.0 62
1771355532151 13476.0 63
1771355537143 13376.0 64
1771355542192 13376.0 65
1771355547235 13276.0 66
1771355552412 13176.0 67
1771355557476 13176.0 68
1771355562495 13076.0 69
1771355567707 13074.0 70
1771355572905 13074.0 71
1771355577784 13067.0 72
1771355582772 12967.0 73
1771355587852 12867.0 74
1771355592965 12867.0 75
1771355598090 12761.0 76
1771355603155 12759.0 77
1771355608177 12657.0 78
1771355613380 12657.0 79
1771355618316 12557.0 80
1771355623395 12457.0 81
1771355628487 12357.0 82
1771355633649 12357.0 83
1771355638787 12357.0 84
1771355643955 12355.0 85
1771355649307 12255.0 86
1771355654548 12255.0 87
1771355659700 12155.0 88
1771355664855 12062.0 89
1771355670186 11962.0 90
1771355675244 11962.0 91
1771355680444 11947.0 92
1771355685594 11947.0 93
1771355690747 11947.0 94
1771355695951 11946.0 95
1771355701152 11846.0 96
1771355706281 11846.0 97
1771355711518 11746.0 98
1771355716648 11646.0 99
