1771381484166 20403.0 0
1771381494092 20303.0 1
1771381504011 20303.0 2
1771381513939 20303.0 3
1771381524047 20203.0 4
1771381534004 20003.0 5
1771381544040 19903.0 6
1771381554294 19598.0 7
1771381564322 19598.0 8
1771381574408 19598.0 9
1771381584364 19396.0 10
1771381594422 19296.0 11
1771381604474 19296.0 12
1771381614555 19296.0 13
1771381624655 19296.0 14
1771381634693 19296.0 15
1771381644727 18996.0 16
1771381654914 18912.0 17
1771381665033 18811.0 18
1771381675039 18713.0 19
1771381685113 18713.0 20
1771381695428 18507.0 21
1771381705511 18507.0 22
1771381715597 18402.0 23
1771381725821 18402.0 24
1771381736046 18402.0 25
1771381746306 18310.0 26
1771381756432 18310.0 27
1771381766579 18210.0 28
1771381776772 18210.0 29
1771381786996 18202.0 30
1771381797127 18102.0 31
1771381807483 18102.0 32
1771381817639 18102.0 33
1771381828097 18102.0 34
1771381838333 18102.0 35
1771381848710 18094.0 36
1771381858987 18094.0 37
1771381869240 18094.0 38
1771381879526 17994.0 39
1771381889966 17994.0 40
1771381900098 17892.0 41
1771381910378 17792.0 42
1771381920746 17792.0 43
1771381931148 17692.0 44
1771381941449 17692.0 45
1771381951986 17692.0 46
1771381962294 17692.0 47
1771381972611 17692.0 48
1771381982854 17692.0 49
1771381993177 17592.0 50
1771382003359 17592.0 51
1771382013719 17592.0 52
1771382024116 17592.0 53
1771382034587 17592.0 54
1771382044823 17592.0 55
1771382055439 17592.0 56
1771382064887 17592.0 57
1771382074274 17592.0 58
1771382083605 17492.0 59
1771382092790 17394.0 60
1771382101969 17394.0 61
1771382111227 17394.0 62
1771382120595 17394.0 63
1771382129954 17294.0 64
1771382139232 17293.0 65
1771382148697 17293.0 66
1771382158255 17293.0 67
1771382167723 17293.0 68
1771382177063 17293.0 69
1771382186521 17193.0 70
1771382195847 17093.0 71
1771382205372 17093.0 72
1771382214857 17093.0 73
1771382224186 17093.0 74
1771382233741 16993.0 75
1771382243234 16993.0 76
1771382252546 16912.0 77
1771382261963 16901.0 78
1771382271369 16901.0 79
1771382280733 16701.0 80
1771382290230 16701.0 81
1771382299574 16582.0 82
1771382309039 16482.0 83
1771382318481 16482.0 84
1771382327907 16482.0 85
1771382337377 16482.0 86
1771382346806 16482.0 87
1771382356201 16482.0 88
1771382365521 16382.0 89
1771382375054 16382.0 90
1771382384635 16282.0 91
1771382393971 16282.0 92
1771382403382 16282.0 93
1771382412750 16282.0 94
1771382422149 16282.0 95
1771382431717 16282.0 96
1771382441320 16282.0 97
1771382450927 16282.0 98
1771382460327 16090.0 99
