1761287625986 2198.0 0
1761287626581 2198.0 1
1761287627180 2198.0 2
1761287627786 2198.0 3
1761287628388 2198.0 4
1761287628995 2198.0 5
1761287629596 2179.0 6
1761287630198 2096.0 7
1761287630783 1988.0 8
1761287631381 1981.0 9
1761287631990 1981.0 10
1761287632601 1961.0 11
1761287633199 1883.0 12
1761287633810 1783.0 13
1761287634415 1783.0 14
1761287635017 1685.0 15
1761287635631 1679.0 16
1761287636235 1666.0 17
1761287636834 1666.0 18
1761287637444 1666.0 19
1761287638059 1666.0 20
1761287638667 1654.0 21
1761287639280 1654.0 22
1761287639897 1654.0 23
1761287640511 1654.0 24
1761287641127 1654.0 25
1761287641725 1653.0 26
1761287642360 1653.0 27
1761287642956 1653.0 28
1761287643548 1653.0 29
1761287644137 1576.0 30
1761287644735 1469.0 31
1761287645329 1469.0 32
1761287645993 1369.0 33
1761287646594 1369.0 34
1761287647210 1369.0 35
1761287647820 1361.0 36
1761287648422 1361.0 37
1761287649039 1261.0 38
1761287649632 1261.0 39
1761287650219 1261.0 40
1761287650807 1261.0 41
1761287651406 1261.0 42
1761287652002 1261.0 43
1761287652602 1261.0 44
1761287653184 1261.0 45
1761287653781 1161.0 46
1761287654369 1161.0 47
1761287654966 1161.0 48
1761287655562 1155.0 49
1761287656162 1155.0 50
1761287656767 1155.0 51
1761287657355 1155.0 52
1761287657968 1155.0 53
1761287658572 955.0 54
1761287659171 955.0 55
1761287659765 855.0 56
1761287660364 855.0 57
1761287660957 847.0 58
1761287661557 847.0 59
1761287662158 747.0 60
1761287662755 747.0 61
1761287663371 747.0 62
1761287663967 747.0 63
1761287664574 747.0 64
1761287665168 747.0 65
1761287665781 747.0 66
1761287666373 747.0 67
1761287666987 747.0 68
1761287667613 747.0 69
1761287668237 747.0 70
1761287668838 747.0 71
1761287669462 747.0 72
1761287670086 747.0 73
1761287670707 747.0 74
1761287671332 747.0 75
1761287671939 747.0 76
1761287672552 747.0 77
1761287673156 747.0 78
1761287673758 747.0 79
1761287674361 747.0 80
1761287674955 747.0 81
1761287675560 747.0 82
1761287676154 747.0 83
1761287676752 747.0 84
1761287677363 747.0 85
1761287677971 747.0 86
1761287678590 747.0 87
1761287679212 747.0 88
1761287679812 747.0 89
1761287680414 747.0 90
1761287681018 747.0 91
1761287681618 747.0 92
1761287682225 747.0 93
1761287682830 747.0 94
1761287683446 747.0 95
1761287684037 747.0 96
1761287684651 747.0 97
1761287685263 747.0 98
1761287685868 747.0 99
