1771745874313 3224.0 0
1771745894197 3224.0 1
1771745914522 2620.0 2
1771745935725 2620.0 3
1771745957276 2620.0 4
1771745979420 2620.0 5
1771746001696 2620.0 6
1771746024330 2620.0 7
1771746047151 2620.0 8
1771746069792 2620.0 9
1771746092851 2620.0 10
1771746115962 2620.0 11
1771746139215 2620.0 12
1771746163235 2620.0 13
1771746187255 2620.0 14
1771746210831 2620.0 15
1771746234281 2620.0 16
1771746257984 2620.0 17
1771746281710 2620.0 18
1771746305643 2620.0 19
1771746331476 2620.0 20
1771746358387 2620.0 21
1771746382906 2620.0 22
1771746410914 2620.0 23
1771746436079 2620.0 24
1771746460838 2620.0 25
1771746485711 2620.0 26
1771746510745 2620.0 27
1771746535967 2620.0 28
1771746560794 2620.0 29
1771746585647 2620.0 30
1771746610400 2620.0 31
1771746635393 2620.0 32
1771746659926 2620.0 33
1771746682778 2620.0 34
1771746705617 2620.0 35
1771746727406 2620.0 36
1771746745202 2620.0 37
1771746762727 2620.0 38
1771746780398 2620.0 39
1771746798137 2620.0 40
1771746815904 2620.0 41
1771746833589 2620.0 42
1771746851377 2620.0 43
1771746868886 2620.0 44
1771746886415 2620.0 45
1771746904075 2620.0 46
1771746921762 2620.0 47
1771746939582 2620.0 48
1771746957337 2620.0 49
1771746975042 2620.0 50
1771746992645 2620.0 51
1771747010252 2620.0 52
1771747027697 2620.0 53
1771747045286 2620.0 54
1771747062771 2620.0 55
1771747080277 2620.0 56
1771747097914 2620.0 57
1771747115574 2620.0 58
1771747133147 2620.0 59
1771747150836 2620.0 60
1771747168570 2620.0 61
1771747186117 2620.0 62
1771747203832 2620.0 63
1771747221615 2620.0 64
1771747239417 2620.0 65
1771747257153 2620.0 66
1771747274705 2620.0 67
1771747292276 2620.0 68
1771747309939 2620.0 69
1771747327619 2620.0 70
1771747352323 2620.0 71
1771747379761 2620.0 72
1771747407563 2620.0 73
1771747435324 2620.0 74
1771747462969 2620.0 75
1771747490409 2620.0 76
1771747517829 2620.0 77
1771747545639 2620.0 78
1771747573188 2620.0 79
1771747600619 2620.0 80
1771747627915 2620.0 81
1771747655179 2620.0 82
1771747682143 2620.0 83
1771747709271 2620.0 84
1771747736017 2620.0 85
1771747762803 2620.0 86
1771747789495 2620.0 87
1771747816897 2620.0 88
1771747844641 2620.0 89
1771747871714 2620.0 90
1771747898743 2620.0 91
1771747925734 2620.0 92
1771747953145 2620.0 93
1771747980361 2620.0 94
1771748007966 2620.0 95
1771748035871 2620.0 96
1771748063633 2620.0 97
1771748091255 2620.0 98
1771748119337 2620.0 99
