1761197500554 2013.0 0
1761197500928 1788.0 1
1761197501274 1490.0 2
1761197501639 1286.0 3
1761197502019 1188.0 4
1761197502421 1088.0 5
1761197502825 988.0 6
1761197503228 986.0 7
1761197503649 986.0 8
1761197504066 984.0 9
1761197504474 884.0 10
1761197504887 884.0 11
1761197505297 784.0 12
1761197505777 784.0 13
1761197506213 779.0 14
1761197506647 777.0 15
1761197507073 773.0 16
1761197507483 673.0 17
1761197507902 579.0 18
1761197508320 571.0 19
1761197508743 565.0 20
1761197509151 565.0 21
1761197509549 565.0 22
1761197509949 565.0 23
1761197510350 565.0 24
1761197510807 565.0 25
1761197511202 563.0 26
1761197511598 563.0 27
1761197511995 563.0 28
1761197512394 463.0 29
1761197512796 463.0 30
1761197513196 463.0 31
1761197513590 463.0 32
1761197514002 463.0 33
1761197514402 463.0 34
1761197514807 463.0 35
1761197515202 463.0 36
1761197515647 463.0 37
1761197516046 463.0 38
1761197516447 463.0 39
1761197516854 363.0 40
1761197517255 263.0 41
1761197517677 263.0 42
1761197518103 263.0 43
1761197518524 263.0 44
1761197518958 263.0 45
1761197519382 263.0 46
1761197519809 263.0 47
1761197520232 255.0 48
1761197520713 255.0 49
1761197521142 255.0 50
1761197521564 255.0 51
1761197521989 255.0 52
1761197522410 255.0 53
1761197522828 255.0 54
1761197523247 255.0 55
1761197523670 255.0 56
1761197524101 255.0 57
1761197524526 255.0 58
1761197524958 255.0 59
1761197525392 255.0 60
1761197525863 255.0 61
1761197526286 255.0 62
1761197526704 255.0 63
1761197527130 255.0 64
1761197527558 255.0 65
1761197527982 255.0 66
1761197528411 255.0 67
1761197528836 255.0 68
1761197529276 255.0 69
1761197529692 255.0 70
1761197530117 255.0 71
1761197530534 255.0 72
1761197531015 255.0 73
1761197531445 255.0 74
1761197531870 255.0 75
1761197532291 255.0 76
1761197532713 255.0 77
1761197533138 255.0 78
1761197533563 255.0 79
1761197533983 255.0 80
1761197534419 255.0 81
1761197534850 255.0 82
1761197535268 255.0 83
1761197535696 255.0 84
1761197536164 255.0 85
1761197536577 255.0 86
1761197536998 255.0 87
1761197537428 255.0 88
1761197537862 255.0 89
1761197538292 255.0 90
1761197538716 255.0 91
1761197539138 255.0 92
1761197539564 255.0 93
1761197539985 255.0 94
1761197540395 255.0 95
1761197540816 255.0 96
1761197541288 255.0 97
1761197541711 255.0 98
1761197542128 255.0 99
