1771745741165 2926.0 0
1771745743335 2926.0 1
1771745744959 2926.0 2
1771745746385 2926.0 3
1771745747758 2926.0 4
1771745749139 2926.0 5
1771745750410 2926.0 6
1771745751591 2926.0 7
1771745752811 2926.0 8
1771745754034 2926.0 9
1771745755166 2926.0 10
1771745756301 2926.0 11
1771745757473 2926.0 12
1771745758608 2926.0 13
1771745759807 2926.0 14
1771745760953 2926.0 15
1771745762153 2926.0 16
1771745763352 2926.0 17
1771745764494 2926.0 18
1771745765591 2926.0 19
1771745766700 2926.0 20
1771745767865 2926.0 21
1771745769030 2926.0 22
1771745770254 2926.0 23
1771745771403 2926.0 24
1771745772580 2926.0 25
1771745773779 2926.0 26
1771745774908 2926.0 27
1771745776013 2926.0 28
1771745777143 2926.0 29
1771745778340 2926.0 30
1771745779450 2926.0 31
1771745780597 2926.0 32
1771745781725 2926.0 33
1771745782943 2926.0 34
1771745784073 2926.0 35
1771745785188 2926.0 36
1771745786298 2926.0 37
1771745787520 2926.0 38
1771745788686 2926.0 39
1771745789804 2926.0 40
1771745790979 2926.0 41
1771745792154 2926.0 42
1771745793290 2926.0 43
1771745794461 2926.0 44
1771745795580 2926.0 45
1771745796705 2926.0 46
1771745797859 2926.0 47
1771745799011 2926.0 48
1771745800152 2926.0 49
1771745801322 2926.0 50
1771745802610 2926.0 51
1771745803841 2926.0 52
1771745804968 2926.0 53
1771745806112 2926.0 54
1771745807250 2926.0 55
1771745808405 2926.0 56
1771745809479 2926.0 57
1771745810642 2926.0 58
1771745811771 2926.0 59
1771745812895 2926.0 60
1771745814071 2926.0 61
1771745815201 2926.0 62
1771745816311 2926.0 63
1771745817447 2926.0 64
1771745818564 2926.0 65
1771745819730 2926.0 66
1771745820851 2926.0 67
1771745822006 2926.0 68
1771745823125 2926.0 69
1771745824264 2926.0 70
1771745825379 2926.0 71
1771745826471 2926.0 72
1771745827635 2926.0 73
1771745828848 2926.0 74
1771745830033 2926.0 75
1771745831173 2926.0 76
1771745832326 2926.0 77
1771745833483 2926.0 78
1771745834623 2926.0 79
1771745835812 2926.0 80
1771745837144 2926.0 81
1771745838271 2926.0 82
1771745839423 2926.0 83
1771745840603 2926.0 84
1771745841740 2926.0 85
1771745842874 2926.0 86
1771745844040 2926.0 87
1771745845226 2926.0 88
1771745846369 2926.0 89
1771745847459 2926.0 90
1771745848569 2926.0 91
1771745849740 2926.0 92
1771745850894 2926.0 93
1771745852057 2926.0 94
1771745853205 2926.0 95
1771745854401 2926.0 96
1771745855529 2926.0 97
1771745856646 2926.0 98
1771745857770 2926.0 99
