1761286856582 2011.0 0
1761286856935 2011.0 1
1761286857215 2011.0 2
1761286857502 2011.0 3
1761286857788 2011.0 4
1761286858075 2011.0 5
1761286858359 2011.0 6
1761286858640 2011.0 7
1761286858914 2011.0 8
1761286859194 2011.0 9
1761286859469 2011.0 10
1761286859752 2011.0 11
1761286860031 2011.0 12
1761286860309 2011.0 13
1761286860584 2011.0 14
1761286860870 2011.0 15
1761286861149 2011.0 16
1761286861427 2011.0 17
1761286861707 2011.0 18
1761286862000 2011.0 19
1761286862287 2011.0 20
1761286862556 2011.0 21
1761286862829 2011.0 22
1761286863112 2011.0 23
1761286863390 2011.0 24
1761286863667 2011.0 25
1761286863945 2011.0 26
1761286864221 2011.0 27
1761286864505 2011.0 28
1761286864787 2011.0 29
1761286865065 2011.0 30
1761286865344 2011.0 31
1761286865628 2011.0 32
1761286865907 2011.0 33
1761286866198 2011.0 34
1761286866482 2011.0 35
1761286866761 2011.0 36
1761286867038 2011.0 37
1761286867322 2011.0 38
1761286867595 2011.0 39
1761286867872 2011.0 40
1761286868146 2011.0 41
1761286868423 2011.0 42
1761286868702 2011.0 43
1761286868980 2011.0 44
1761286869261 2011.0 45
1761286869545 2011.0 46
1761286869824 2011.0 47
1761286870101 2011.0 48
1761286870379 2011.0 49
1761286870661 2011.0 50
1761286870938 2011.0 51
1761286871216 2011.0 52
1761286871493 2011.0 53
1761286871766 2011.0 54
1761286872045 2011.0 55
1761286872332 2011.0 56
1761286872616 2011.0 57
1761286872892 2011.0 58
1761286873172 2011.0 59
1761286873452 2011.0 60
1761286873728 2011.0 61
1761286874007 2011.0 62
1761286874288 2011.0 63
1761286874571 2011.0 64
1761286874851 2011.0 65
1761286875130 2011.0 66
1761286875410 2011.0 67
1761286875692 2011.0 68
1761286875972 2011.0 69
1761286876248 2011.0 70
1761286876531 2011.0 71
1761286876807 2011.0 72
1761286877093 2011.0 73
1761286877378 2011.0 74
1761286877664 2011.0 75
1761286877948 2011.0 76
1761286878229 2011.0 77
1761286878511 2011.0 78
1761286878793 2011.0 79
1761286879073 2011.0 80
1761286879354 2011.0 81
1761286879631 2011.0 82
1761286879912 2011.0 83
1761286880193 2011.0 84
1761286880476 2011.0 85
1761286880755 2011.0 86
1761286881034 2011.0 87
1761286881321 2011.0 88
1761286881605 2011.0 89
1761286881881 2011.0 90
1761286882161 2011.0 91
1761286882442 2011.0 92
1761286882717 2011.0 93
1761286882997 2011.0 94
1761286883276 2011.0 95
1761286883552 2011.0 96
1761286883832 2011.0 97
1761286884114 2011.0 98
1761286884385 2011.0 99
