1761194980613 1876.0 0
1761194981008 1770.0 1
1761194981318 1471.0 2
1761194981609 1363.0 3
1761194981906 1163.0 4
1761194982195 1063.0 5
1761194982468 1056.0 6
1761194982727 956.0 7
1761194982992 956.0 8
1761194983253 956.0 9
1761194983570 950.0 10
1761194983829 950.0 11
1761194984089 856.0 12
1761194984350 850.0 13
1761194984618 850.0 14
1761194984875 750.0 15
1761194985139 744.0 16
1761194985397 744.0 17
1761194985661 744.0 18
1761194985985 744.0 19
1761194986244 744.0 20
1761194986507 744.0 21
1761194986770 744.0 22
1761194987034 744.0 23
1761194987293 644.0 24
1761194987562 644.0 25
1761194987825 644.0 26
1761194988086 644.0 27
1761194988346 644.0 28
1761194988659 644.0 29
1761194988925 644.0 30
1761194989184 644.0 31
1761194989452 636.0 32
1761194989710 636.0 33
1761194989974 636.0 34
1761194990228 536.0 35
1761194990487 536.0 36
1761194990737 536.0 37
1761194991042 536.0 38
1761194991294 536.0 39
1761194991544 536.0 40
1761194991795 536.0 41
1761194992046 436.0 42
1761194992308 436.0 43
1761194992575 436.0 44
1761194992836 436.0 45
1761194993097 336.0 46
1761194993366 336.0 47
1761194993688 336.0 48
1761194993959 336.0 49
1761194994230 336.0 50
1761194994503 336.0 51
1761194994776 336.0 52
1761194995047 336.0 53
1761194995317 336.0 54
1761194995584 336.0 55
1761194995862 336.0 56
1761194996185 336.0 57
1761194996454 336.0 58
1761194996725 336.0 59
1761194996993 336.0 60
1761194997265 336.0 61
1761194997531 336.0 62
1761194997807 336.0 63
1761194998078 336.0 64
1761194998348 336.0 65
1761194998614 336.0 66
1761194998946 336.0 67
1761194999216 336.0 68
1761194999484 336.0 69
1761194999757 336.0 70
1761195000031 336.0 71
1761195000298 336.0 72
1761195000567 336.0 73
1761195000838 336.0 74
1761195001111 336.0 75
1761195001431 336.0 76
1761195001708 336.0 77
1761195001982 336.0 78
1761195002251 336.0 79
1761195002517 336.0 80
1761195002788 336.0 81
1761195003059 336.0 82
1761195003325 336.0 83
1761195003594 336.0 84
1761195003924 336.0 85
1761195004194 336.0 86
1761195004463 336.0 87
1761195004733 336.0 88
1761195005002 336.0 89
1761195005275 336.0 90
1761195005549 336.0 91
1761195005820 336.0 92
1761195006095 336.0 93
1761195006367 336.0 94
1761195006690 336.0 95
1761195006961 336.0 96
1761195007231 336.0 97
1761195007503 336.0 98
1761195007771 336.0 99
