1761269241008 1852.0 0
1761269241327 1662.0 1
1761269241680 1378.0 2
1761269242073 1164.0 3
1761269242457 962.0 4
1761269242824 862.0 5
1761269243185 862.0 6
1761269243550 862.0 7
1761269243917 860.0 8
1761269244345 860.0 9
1761269244701 860.0 10
1761269245060 860.0 11
1761269245422 860.0 12
1761269245787 860.0 13
1761269246148 854.0 14
1761269246501 760.0 15
1761269246861 754.0 16
1761269247224 754.0 17
1761269247649 754.0 18
1761269248015 754.0 19
1761269248381 754.0 20
1761269248749 754.0 21
1761269249111 754.0 22
1761269249465 754.0 23
1761269249820 754.0 24
1761269250183 654.0 25
1761269250546 654.0 26
1761269250894 652.0 27
1761269251313 650.0 28
1761269251665 650.0 29
1761269252025 650.0 30
1761269252376 550.0 31
1761269252731 550.0 32
1761269253084 550.0 33
1761269253437 550.0 34
1761269253797 550.0 35
1761269254157 550.0 36
1761269254564 550.0 37
1761269254926 550.0 38
1761269255287 550.0 39
1761269255644 550.0 40
1761269256005 548.0 41
1761269256360 548.0 42
1761269256723 548.0 43
1761269257083 548.0 44
1761269257448 548.0 45
1761269257799 548.0 46
1761269258222 548.0 47
1761269258584 548.0 48
1761269258949 548.0 49
1761269259311 548.0 50
1761269259669 548.0 51
1761269260039 548.0 52
1761269260403 548.0 53
1761269260763 548.0 54
1761269261118 448.0 55
1761269261548 448.0 56
1761269261906 448.0 57
1761269262275 448.0 58
1761269262637 448.0 59
1761269262998 448.0 60
1761269263361 448.0 61
1761269263715 448.0 62
1761269264065 448.0 63
1761269264428 448.0 64
1761269264859 441.0 65
1761269265209 441.0 66
1761269265559 441.0 67
1761269265906 441.0 68
1761269266254 441.0 69
1761269266608 441.0 70
1761269266959 441.0 71
1761269267303 441.0 72
1761269267649 441.0 73
1761269267994 441.0 74
1761269268410 436.0 75
1761269268751 436.0 76
1761269269085 436.0 77
1761269269423 436.0 78
1761269269759 436.0 79
1761269270090 436.0 80
1761269270426 436.0 81
1761269270760 436.0 82
1761269271094 436.0 83
1761269271495 436.0 84
1761269271834 436.0 85
1761269272164 436.0 86
1761269272494 436.0 87
1761269272832 436.0 88
1761269273163 436.0 89
1761269273497 436.0 90
1761269273834 436.0 91
1761269274170 436.0 92
1761269274495 436.0 93
1761269274889 436.0 94
1761269275223 436.0 95
1761269275559 436.0 96
1761269275885 436.0 97
1761269276210 436.0 98
1761269276543 436.0 99
