1761288080595 1423.0 0
1761288081035 1288.0 1
1761288081446 1094.0 2
1761288081826 791.0 3
1761288082202 696.0 4
1761288082582 686.0 5
1761288082958 682.0 6
1761288083339 584.0 7
1761288083726 582.0 8
1761288084110 582.0 9
1761288084498 569.0 10
1761288084864 569.0 11
1761288085238 569.0 12
1761288085662 469.0 13
1761288086022 469.0 14
1761288086386 469.0 15
1761288086758 469.0 16
1761288087130 469.0 17
1761288087504 469.0 18
1761288087867 469.0 19
1761288088237 469.0 20
1761288088605 469.0 21
1761288088971 469.0 22
1761288089337 469.0 23
1761288089703 469.0 24
1761288090127 369.0 25
1761288090497 369.0 26
1761288090862 369.0 27
1761288091228 369.0 28
1761288091591 369.0 29
1761288091953 369.0 30
1761288092320 369.0 31
1761288092684 369.0 32
1761288093050 369.0 33
1761288093414 369.0 34
1761288093780 369.0 35
1761288094142 271.0 36
1761288094567 271.0 37
1761288094940 265.0 38
1761288095302 265.0 39
1761288095672 265.0 40
1761288096046 257.0 41
1761288096406 257.0 42
1761288096770 257.0 43
1761288097136 257.0 44
1761288097506 257.0 45
1761288097874 257.0 46
1761288098241 257.0 47
1761288098612 257.0 48
1761288099036 257.0 49
1761288099407 257.0 50
1761288099776 257.0 51
1761288100148 257.0 52
1761288100523 257.0 53
1761288100896 257.0 54
1761288101255 257.0 55
1761288101620 257.0 56
1761288101973 257.0 57
1761288102334 257.0 58
1761288102695 257.0 59
1761288103069 257.0 60
1761288103477 257.0 61
1761288103843 257.0 62
1761288104211 257.0 63
1761288104588 257.0 64
1761288104956 255.0 65
1761288105311 255.0 66
1761288105680 255.0 67
1761288106027 255.0 68
1761288106387 255.0 69
1761288106741 255.0 70
1761288107082 255.0 71
1761288107429 255.0 72
1761288107827 255.0 73
1761288108180 255.0 74
1761288108526 255.0 75
1761288108881 255.0 76
1761288109224 255.0 77
1761288109574 255.0 78
1761288109919 255.0 79
1761288110264 255.0 80
1761288110614 255.0 81
1761288110966 255.0 82
1761288111318 255.0 83
1761288111660 255.0 84
1761288112060 255.0 85
1761288112403 255.0 86
1761288112750 255.0 87
1761288113104 255.0 88
1761288113452 255.0 89
1761288113808 255.0 90
1761288114156 255.0 91
1761288114502 255.0 92
1761288114849 255.0 93
1761288115204 255.0 94
1761288115551 255.0 95
1761288115901 255.0 96
1761288116299 255.0 97
1761288116648 255.0 98
1761288117012 255.0 99
