1761202277920 2010.0 0
1761202278289 1778.0 1
1761202278639 1381.0 2
1761202278967 1166.0 3
1761202279276 1066.0 4
1761202279579 1066.0 5
1761202279884 1057.0 6
1761202280175 1057.0 7
1761202280460 964.0 8
1761202280807 964.0 9
1761202281097 964.0 10
1761202281393 864.0 11
1761202281693 864.0 12
1761202281980 864.0 13
1761202282275 764.0 14
1761202282571 764.0 15
1761202282861 764.0 16
1761202283152 764.0 17
1761202283491 764.0 18
1761202283788 764.0 19
1761202284080 764.0 20
1761202284376 755.0 21
1761202284676 755.0 22
1761202284972 755.0 23
1761202285267 755.0 24
1761202285562 755.0 25
1761202285862 755.0 26
1761202286151 751.0 27
1761202286491 751.0 28
1761202286786 751.0 29
1761202287075 751.0 30
1761202287373 749.0 31
1761202287662 649.0 32
1761202287950 649.0 33
1761202288234 649.0 34
1761202288523 649.0 35
1761202288812 649.0 36
1761202289159 649.0 37
1761202289446 649.0 38
1761202289727 649.0 39
1761202290010 649.0 40
1761202290293 649.0 41
1761202290584 649.0 42
1761202290873 649.0 43
1761202291166 649.0 44
1761202291454 649.0 45
1761202291737 649.0 46
1761202292073 643.0 47
1761202292349 643.0 48
1761202292625 643.0 49
1761202292906 643.0 50
1761202293182 643.0 51
1761202293456 643.0 52
1761202293736 643.0 53
1761202294016 643.0 54
1761202294293 643.0 55
1761202294620 643.0 56
1761202294900 643.0 57
1761202295181 643.0 58
1761202295459 643.0 59
1761202295737 543.0 60
1761202296019 543.0 61
1761202296299 543.0 62
1761202296582 543.0 63
1761202296862 543.0 64
1761202297191 543.0 65
1761202297468 543.0 66
1761202297746 543.0 67
1761202298022 543.0 68
1761202298304 543.0 69
1761202298585 543.0 70
1761202298863 543.0 71
1761202299138 543.0 72
1761202299424 543.0 73
1761202299706 543.0 74
1761202300026 543.0 75
1761202300307 543.0 76
1761202300583 543.0 77
1761202300860 543.0 78
1761202301137 543.0 79
1761202301411 543.0 80
1761202301695 445.0 81
1761202301979 445.0 82
1761202302263 445.0 83
1761202302604 445.0 84
1761202302884 445.0 85
1761202303168 445.0 86
1761202303451 445.0 87
1761202303744 445.0 88
1761202304030 445.0 89
1761202304319 445.0 90
1761202304605 445.0 91
1761202304887 445.0 92
1761202305167 445.0 93
1761202305502 445.0 94
1761202305795 445.0 95
1761202306082 345.0 96
1761202306370 345.0 97
1761202306660 345.0 98
1761202306952 345.0 99
