1761210122015 1616.0 0
1761210122431 1616.0 1
1761210122826 1616.0 2
1761210123208 1616.0 3
1761210123599 1616.0 4
1761210123991 1616.0 5
1761210124384 1616.0 6
1761210124771 1616.0 7
1761210125155 1616.0 8
1761210125537 1616.0 9
1761210125911 1616.0 10
1761210126288 1616.0 11
1761210126659 1616.0 12
1761210127036 1616.0 13
1761210127410 1616.0 14
1761210127780 1616.0 15
1761210128151 1616.0 16
1761210128528 1616.0 17
1761210128908 1616.0 18
1761210129288 1616.0 19
1761210129668 1616.0 20
1761210130043 1616.0 21
1761210130423 1616.0 22
1761210130802 1616.0 23
1761210131183 1616.0 24
1761210131554 1616.0 25
1761210131924 1616.0 26
1761210132302 1616.0 27
1761210132686 1616.0 28
1761210133072 1616.0 29
1761210133449 1616.0 30
1761210133827 1616.0 31
1761210134205 1616.0 32
1761210134584 1616.0 33
1761210134956 1616.0 34
1761210135326 1616.0 35
1761210135701 1616.0 36
1761210136075 1616.0 37
1761210136449 1616.0 38
1761210136817 1616.0 39
1761210137192 1616.0 40
1761210137565 1616.0 41
1761210137940 1616.0 42
1761210138315 1616.0 43
1761210138699 1616.0 44
1761210139075 1616.0 45
1761210139443 1616.0 46
1761210139821 1616.0 47
1761210140184 1616.0 48
1761210140559 1616.0 49
1761210140940 1616.0 50
1761210141311 1616.0 51
1761210141680 1616.0 52
1761210142060 1616.0 53
1761210142440 1616.0 54
1761210142826 1616.0 55
1761210143204 1616.0 56
1761210143586 1616.0 57
1761210143966 1616.0 58
1761210144344 1616.0 59
1761210144725 1616.0 60
1761210145096 1616.0 61
1761210145476 1616.0 62
1761210145853 1616.0 63
1761210146224 1616.0 64
1761210146600 1616.0 65
1761210146977 1616.0 66
1761210147356 1616.0 67
1761210147732 1616.0 68
1761210148105 1616.0 69
1761210148482 1616.0 70
1761210148856 1616.0 71
1761210149233 1616.0 72
1761210149608 1616.0 73
1761210149980 1616.0 74
1761210150360 1616.0 75
1761210150737 1616.0 76
1761210151121 1616.0 77
1761210151499 1616.0 78
1761210151870 1616.0 79
1761210152246 1616.0 80
1761210152624 1616.0 81
1761210152995 1616.0 82
1761210153374 1616.0 83
1761210153741 1616.0 84
1761210154120 1616.0 85
1761210154506 1616.0 86
1761210154882 1616.0 87
1761210155249 1616.0 88
1761210155617 1616.0 89
1761210155992 1616.0 90
1761210156364 1616.0 91
1761210156735 1616.0 92
1761210157107 1616.0 93
1761210157486 1616.0 94
1761210157862 1616.0 95
1761210158238 1616.0 96
1761210158606 1616.0 97
1761210158986 1616.0 98
1761210159363 1616.0 99
