1761108207652 20756.0 0
1761108211089 20756.0 1
1761108214518 20756.0 2
1761108218071 20664.0 3
1761108221526 20664.0 4
1761108225021 20573.0 5
1761108228498 20473.0 6
1761108231969 20473.0 7
1761108235483 20387.0 8
1761108238982 20380.0 9
1761108242450 20374.0 10
1761108245925 20074.0 11
1761108249502 19974.0 12
1761108252997 19778.0 13
1761108256459 19778.0 14
1761108259959 19772.0 15
1761108263504 19672.0 16
1761108267003 19672.0 17
1761108270576 19672.0 18
1761108274095 19672.0 19
1761108277652 19472.0 20
1761108281260 19472.0 21
1761108284741 19472.0 22
1761108288248 19472.0 23
1761108291809 19472.0 24
1761108295360 19472.0 25
1761108298957 19472.0 26
1761108302497 19472.0 27
1761108306017 19463.0 28
1761108309599 19447.0 29
1761108313263 19447.0 30
1761108316956 19347.0 31
1761108320586 19347.0 32
1761108324375 19147.0 33
1761108332456 19049.0 34
1761108339720 19049.0 35
1761108343512 18943.0 36
1761108347185 18943.0 37
1761108350877 18943.0 38
1761108356521 18943.0 39
1761108365494 18849.0 40
1761108374334 18849.0 41
1761108382953 18849.0 42
1761108391569 18802.0 43
1761108400283 18704.0 44
1761108409069 18704.0 45
1761108417654 18704.0 46
1761108426240 18704.0 47
1761108435125 18649.0 48
1761108443971 18641.0 49
1761108453030 18541.0 50
1761108461814 18541.0 51
1761108470490 18541.0 52
1761108479154 18241.0 53
1761108487942 18241.0 54
1761108496636 18241.0 55
1761108505206 18241.0 56
1761108513944 18141.0 57
1761108522656 18141.0 58
1761108531316 18041.0 59
1761108539984 18041.0 60
1761108548477 18041.0 61
1761108557133 18041.0 62
1761108565953 18036.0 63
1761108574736 17841.0 64
1761108583253 17841.0 65
1761108591809 17441.0 66
1761108600457 17348.0 67
1761108609218 17348.0 68
1761108617890 17248.0 69
1761108626640 17248.0 70
1761108635185 17047.0 71
1761108643886 17039.0 72
1761108652630 17037.0 73
1761108660262 16837.0 74
1761108664042 16837.0 75
1761108667893 16837.0 76
1761108671728 16837.0 77
1761108675489 16637.0 78
1761108683258 16624.0 79
1761108691778 16530.0 80
1761108700595 16428.0 81
1761108709489 16428.0 82
1761108718305 16328.0 83
1761108727436 16328.0 84
1761108736516 16328.0 85
1761108745467 16328.0 86
1761108754508 16234.0 87
1761108762708 16234.0 88
1761108766584 16234.0 89
1761108770276 16034.0 90
1761108774032 16034.0 91
1761108777828 16034.0 92
1761108783440 16034.0 93
1761108792392 15934.0 94
1761108801497 15834.0 95
1761108810353 15834.0 96
1761108819397 15834.0 97
1761108828049 15834.0 98
1761108837264 15734.0 99
