1761274076496 2478.0 0
1761274082776 2157.0 1
1761274089173 2157.0 2
1761274095672 2157.0 3
1761274102364 2157.0 4
1761274109136 2157.0 5
1761274116028 2114.0 6
1761274123006 2114.0 7
1761274130151 2072.0 8
1761274137289 2072.0 9
1761274144439 1763.0 10
1761274151668 1763.0 11
1761274158930 1763.0 12
1761274166291 1763.0 13
1761274173637 1763.0 14
1761274181059 1763.0 15
1761274188475 1763.0 16
1761274196013 1763.0 17
1761274203471 1763.0 18
1761274210995 1763.0 19
1761274218462 1763.0 20
1761274226014 1763.0 21
1761274233528 1763.0 22
1761274241026 1763.0 23
1761274248526 1763.0 24
1761274256022 1763.0 25
1761274263620 1763.0 26
1761274271126 1763.0 27
1761274278647 1763.0 28
1761274286212 1763.0 29
1761274293853 1763.0 30
1761274301358 1763.0 31
1761274308872 1763.0 32
1761274316403 1763.0 33
1761274323927 1763.0 34
1761274331498 1763.0 35
1761274339024 1763.0 36
1761274346571 1763.0 37
1761274354108 1763.0 38
1761274361717 1763.0 39
1761274369233 1763.0 40
1761274376776 1763.0 41
1761274384398 1763.0 42
1761274391968 1763.0 43
1761274399556 1763.0 44
1761274407115 1763.0 45
1761274414771 1763.0 46
1761274422403 1763.0 47
1761274430010 1763.0 48
1761274437553 1763.0 49
1761274445085 1763.0 50
1761274452603 1763.0 51
1761274460116 1763.0 52
1761274467696 1763.0 53
1761274475201 1763.0 54
1761274482697 1763.0 55
1761274490220 1763.0 56
1761274497867 1763.0 57
1761274505412 1763.0 58
1761274512971 1763.0 59
1761274520451 1763.0 60
1761274527987 1763.0 61
1761274535536 1763.0 62
1761274543116 1763.0 63
1761274550664 1763.0 64
1761274558170 1763.0 65
1761274565841 1763.0 66
1761274573345 1763.0 67
1761274580903 1763.0 68
1761274588451 1763.0 69
1761274596066 1763.0 70
1761274603581 1763.0 71
1761274611130 1763.0 72
1761274618669 1763.0 73
1761274626237 1763.0 74
1761274633922 1763.0 75
1761274641475 1763.0 76
1761274649023 1763.0 77
1761274656553 1763.0 78
1761274664132 1763.0 79
1761274671638 1763.0 80
1761274679116 1763.0 81
1761274686636 1763.0 82
1761274694241 1763.0 83
1761274701845 1763.0 84
1761274709399 1763.0 85
1761274716964 1763.0 86
1761274724526 1763.0 87
1761274732123 1763.0 88
1761274739694 1763.0 89
1761274747258 1763.0 90
1761274754754 1763.0 91
1761274762364 1763.0 92
1761274769867 1763.0 93
1761274777417 1763.0 94
1761274784933 1763.0 95
1761274792479 1763.0 96
1761274800120 1763.0 97
1761274807743 1763.0 98
1761274815286 1763.0 99
