1761287485348 1894.0 0
1761287490967 1888.0 1
1761287495474 1888.0 2
1761287500285 1757.0 3
1761287505242 1703.0 4
1761287511035 1703.0 5
1761287516995 1595.0 6
1761287522892 1595.0 7
1761287528923 1595.0 8
1761287535199 1595.0 9
1761287541518 1595.0 10
1761287547826 1595.0 11
1761287554172 1595.0 12
1761287560727 1595.0 13
1761287566852 1595.0 14
1761287572894 1595.0 15
1761287579013 1595.0 16
1761287585439 1595.0 17
1761287591794 1595.0 18
1761287598378 1595.0 19
1761287604671 1595.0 20
1761287610055 1595.0 21
1761287615574 1595.0 22
1761287620957 1595.0 23
1761287626146 1595.0 24
1761287631349 1595.0 25
1761287636600 1595.0 26
1761287641828 1595.0 27
1761287647022 1595.0 28
1761287652181 1595.0 29
1761287657358 1595.0 30
1761287662497 1595.0 31
1761287667693 1595.0 32
1761287672934 1595.0 33
1761287678208 1595.0 34
1761287683355 1595.0 35
1761287688536 1595.0 36
1761287693708 1595.0 37
1761287698968 1595.0 38
1761287704143 1595.0 39
1761287709378 1595.0 40
1761287714598 1595.0 41
1761287719829 1595.0 42
1761287725088 1595.0 43
1761287730399 1595.0 44
1761287735665 1595.0 45
1761287740932 1595.0 46
1761287746176 1595.0 47
1761287751498 1595.0 48
1761287756857 1595.0 49
1761287762104 1595.0 50
1761287767316 1595.0 51
1761287772565 1595.0 52
1761287777773 1595.0 53
1761287782990 1595.0 54
1761287788263 1595.0 55
1761287793509 1595.0 56
1761287798738 1595.0 57
1761287804040 1595.0 58
1761287809267 1595.0 59
1761287814473 1595.0 60
1761287819712 1595.0 61
1761287824913 1595.0 62
1761287830093 1595.0 63
1761287835365 1595.0 64
1761287840584 1595.0 65
1761287845864 1595.0 66
1761287851054 1595.0 67
1761287856193 1595.0 68
1761287861463 1595.0 69
1761287866709 1595.0 70
1761287871902 1595.0 71
1761287877114 1595.0 72
1761287882312 1595.0 73
1761287887456 1595.0 74
1761287892646 1595.0 75
1761287897883 1595.0 76
1761287903125 1595.0 77
1761287908324 1595.0 78
1761287913538 1595.0 79
1761287918732 1595.0 80
1761287923993 1595.0 81
1761287929220 1595.0 82
1761287934527 1595.0 83
1761287939664 1595.0 84
1761287945004 1595.0 85
1761287950352 1595.0 86
1761287955637 1595.0 87
1761287960970 1595.0 88
1761287966233 1595.0 89
1761287971451 1595.0 90
1761287976679 1595.0 91
1761287981906 1595.0 92
1761287987168 1595.0 93
1761287992579 1595.0 94
1761287997799 1595.0 95
1761288003107 1595.0 96
1761288008268 1595.0 97
1761288013554 1595.0 98
1761288018832 1595.0 99
