1772013208867 3034.0 0
1772013210062 2665.0 1
1772013211390 2152.0 2
1772013212751 2054.0 3
1772013214066 1941.0 4
1772013215366 1841.0 5
1772013216740 1834.0 6
1772013218009 1834.0 7
1772013219383 1734.0 8
1772013220652 1728.0 9
1772013222010 1728.0 10
1772013223370 1628.0 11
1772013224650 1534.0 12
1772013225967 1534.0 13
1772013227361 1534.0 14
1772013228650 1532.0 15
1772013230045 1432.0 16
1772013231283 1432.0 17
1772013232565 1432.0 18
1772013233906 1432.0 19
1772013235161 1332.0 20
1772013236488 1332.0 21
1772013237874 1244.0 22
1772013239172 1244.0 23
1772013240598 1244.0 24
1772013241921 1244.0 25
1772013243250 1244.0 26
1772013244652 1244.0 27
1772013245925 1244.0 28
1772013247230 1244.0 29
1772013248658 1144.0 30
1772013250032 1144.0 31
1772013251350 1144.0 32
1772013252756 1144.0 33
1772013254062 1143.0 34
1772013255463 1136.0 35
1772013256734 1037.0 36
1772013258053 1028.0 37
1772013259468 1028.0 38
1772013260787 1028.0 39
1772013262113 1022.0 40
1772013263522 1022.0 41
1772013264841 1022.0 42
1772013266231 1022.0 43
1772013267492 1022.0 44
1772013268757 1022.0 45
1772013270128 1022.0 46
1772013271426 1022.0 47
1772013272696 1022.0 48
1772013274057 1022.0 49
1772013275345 1018.0 50
1772013276650 1016.0 51
1772013278039 1016.0 52
1772013279291 1016.0 53
1772013280662 916.0 54
1772013281918 916.0 55
1772013283173 916.0 56
1772013284546 910.0 57
1772013285757 910.0 58
1772013286968 910.0 59
1772013288284 823.0 60
1772013289549 823.0 61
1772013290979 823.0 62
1772013292341 823.0 63
1772013293639 823.0 64
1772013295003 723.0 65
1772013296277 723.0 66
1772013297545 723.0 67
1772013298904 723.0 68
1772013300181 723.0 69
1772013301566 723.0 70
1772013302834 723.0 71
1772013304082 723.0 72
1772013305429 723.0 73
1772013306742 715.0 74
1772013308003 715.0 75
1772013309360 715.0 76
1772013310622 715.0 77
1772013311931 715.0 78
1772013313266 715.0 79
1772013314506 699.0 80
1772013315819 699.0 81
1772013317038 694.0 82
1772013318254 694.0 83
1772013319626 694.0 84
1772013320835 694.0 85
1772013322065 694.0 86
1772013323402 694.0 87
1772013324639 694.0 88
1772013326001 694.0 89
1772013327215 694.0 90
1772013328425 694.0 91
1772013329750 694.0 92
1772013330960 694.0 93
1772013332223 694.0 94
1772013333595 694.0 95
1772013334847 694.0 96
1772013336183 694.0 97
1772013337395 694.0 98
1772013338591 694.0 99
