1761273464273 2152.0 0
1761273464871 2078.0 1
1761273465484 2078.0 2
1761273466081 2049.0 3
1761273466681 2049.0 4
1761273467279 2049.0 5
1761273467896 2049.0 6
1761273468514 1978.0 7
1761273469115 1978.0 8
1761273469721 1904.0 9
1761273470334 1904.0 10
1761273470952 1865.0 11
1761273471560 1865.0 12
1761273472157 1865.0 13
1761273472749 1765.0 14
1761273473347 1765.0 15
1761273473950 1765.0 16
1761273474553 1765.0 17
1761273475155 1685.0 18
1761273475766 1659.0 19
1761273476371 1651.0 20
1761273476974 1585.0 21
1761273477583 1583.0 22
1761273478198 1583.0 23
1761273478857 1551.0 24
1761273479464 1451.0 25
1761273480093 1451.0 26
1761273480716 1451.0 27
1761273481320 1451.0 28
1761273481933 1451.0 29
1761273482524 1451.0 30
1761273483113 1451.0 31
1761273483727 1451.0 32
1761273484322 1451.0 33
1761273484921 1451.0 34
1761273485505 1451.0 35
1761273486101 1451.0 36
1761273486712 1377.0 37
1761273487302 1377.0 38
1761273487897 1377.0 39
1761273488489 1277.0 40
1761273489098 1277.0 41
1761273489710 1277.0 42
1761273490311 1277.0 43
1761273490923 1277.0 44
1761273491528 1277.0 45
1761273492144 1277.0 46
1761273492754 1277.0 47
1761273493362 1272.0 48
1761273493987 1272.0 49
1761273494579 1272.0 50
1761273495202 1266.0 51
1761273495827 1266.0 52
1761273496421 1266.0 53
1761273497032 1266.0 54
1761273497644 1266.0 55
1761273498256 1266.0 56
1761273498881 1258.0 57
1761273499490 1251.0 58
1761273500088 1169.0 59
1761273500701 1151.0 60
1761273501301 1151.0 61
1761273501899 1151.0 62
1761273502512 1151.0 63
1761273503113 1151.0 64
1761273503710 1151.0 65
1761273504313 1151.0 66
1761273504918 1151.0 67
1761273505532 1050.0 68
1761273506130 1050.0 69
1761273506737 1043.0 70
1761273507410 1038.0 71
1761273508004 1038.0 72
1761273508614 1038.0 73
1761273509217 1038.0 74
1761273509818 1038.0 75
1761273510450 961.0 76
1761273511049 959.0 77
1761273511663 859.0 78
1761273512262 859.0 79
1761273512861 859.0 80
1761273513474 857.0 81
1761273514095 857.0 82
1761273514701 857.0 83
1761273515298 857.0 84
1761273515907 857.0 85
1761273516502 857.0 86
1761273517106 857.0 87
1761273517711 857.0 88
1761273518323 857.0 89
1761273518928 857.0 90
1761273519545 857.0 91
1761273520143 857.0 92
1761273520754 857.0 93
1761273521355 857.0 94
1761273521979 857.0 95
1761273522593 857.0 96
1761273523193 857.0 97
1761273523800 857.0 98
1761273524414 857.0 99
