1761121533391 20322.0 0
1761121535458 20322.0 1
1761121537362 20322.0 2
1761121539277 20322.0 3
1761121541190 20322.0 4
1761121543153 20322.0 5
1761121545078 20322.0 6
1761121546987 20322.0 7
1761121548899 20322.0 8
1761121550821 20322.0 9
1761121552755 20322.0 10
1761121554697 20322.0 11
1761121556599 20322.0 12
1761121558514 20322.0 13
1761121560438 20322.0 14
1761121562346 20322.0 15
1761121564276 20322.0 16
1761121566185 20322.0 17
1761121568106 20322.0 18
1761121570016 20322.0 19
1761121571922 20322.0 20
1761121573867 20322.0 21
1761121575792 20322.0 22
1761121577715 20322.0 23
1761121579645 20322.0 24
1761121581556 20322.0 25
1761121583469 20322.0 26
1761121585394 20322.0 27
1761121587294 20322.0 28
1761121589206 20322.0 29
1761121591115 20322.0 30
1761121593037 20322.0 31
1761121594979 20322.0 32
1761121596905 20322.0 33
1761121598832 20322.0 34
1761121600730 20322.0 35
1761121602646 20322.0 36
1761121604583 20322.0 37
1761121606488 20322.0 38
1761121608389 20322.0 39
1761121610289 20322.0 40
1761121612210 20322.0 41
1761121614117 20322.0 42
1761121616063 20322.0 43
1761121617960 20322.0 44
1761121619866 20322.0 45
1761121621791 20322.0 46
1761121623701 20322.0 47
1761121625648 20322.0 48
1761121627534 20322.0 49
1761121629437 20322.0 50
1761121631350 20322.0 51
1761121633249 20322.0 52
1761121635181 20322.0 53
1761121637113 20322.0 54
1761121639027 20322.0 55
1761121640929 20322.0 56
1761121642830 20322.0 57
1761121644743 20322.0 58
1761121646706 20322.0 59
1761121648614 20322.0 60
1761121650546 20322.0 61
1761121652443 20322.0 62
1761121654349 20322.0 63
1761121656300 20322.0 64
1761121658232 20322.0 65
1761121660149 20322.0 66
1761121662073 20322.0 67
1761121663975 20322.0 68
1761121665875 20322.0 69
1761121667822 20322.0 70
1761121669743 20322.0 71
1761121671639 20322.0 72
1761121673553 20322.0 73
1761121675476 20322.0 74
1761121677446 20322.0 75
1761121679386 20322.0 76
1761121681300 20322.0 77
1761121683219 20322.0 78
1761121685120 20322.0 79
1761121687036 20322.0 80
1761121688965 20322.0 81
1761121690868 20322.0 82
1761121692790 20322.0 83
1761121694693 20322.0 84
1761121696603 20322.0 85
1761121698546 20322.0 86
1761121700483 20322.0 87
1761121702405 20322.0 88
1761121704302 20322.0 89
1761121706225 20322.0 90
1761121708135 20322.0 91
1761121710075 20322.0 92
1761121711974 20322.0 93
1761121713871 20322.0 94
1761121715765 20322.0 95
1761121717661 20322.0 96
1761121719596 20322.0 97
1761121721518 20322.0 98
1761121723420 20322.0 99
