1771362726268 20762.0 0
1771362733404 20762.0 1
1771362739254 20762.0 2
1771362745253 20762.0 3
1771362750910 20762.0 4
1771362756690 20762.0 5
1771362762477 20762.0 6
1771362768176 20762.0 7
1771362773843 20762.0 8
1771362779681 20762.0 9
1771362785395 20762.0 10
1771362791021 20762.0 11
1771362797042 20762.0 12
1771362802742 20762.0 13
1771362808511 20762.0 14
1771362814474 20762.0 15
1771362820031 20762.0 16
1771362825765 20762.0 17
1771362831654 20762.0 18
1771362837311 20762.0 19
1771362842972 20762.0 20
1771362848905 20762.0 21
1771362854719 20762.0 22
1771362860479 20762.0 23
1771362866500 20762.0 24
1771362872227 20762.0 25
1771362877920 20762.0 26
1771362883859 20762.0 27
1771362889763 20762.0 28
1771362895505 20762.0 29
1771362901508 20762.0 30
1771362907077 20762.0 31
1771362912774 20762.0 32
1771362918632 20762.0 33
1771362924289 20762.0 34
1771362930063 20762.0 35
1771362935791 20762.0 36
1771362941465 20762.0 37
1771362947168 20762.0 38
1771362953002 20762.0 39
1771362958737 20762.0 40
1771362964104 20762.0 41
1771362969057 20762.0 42
1771362974040 20762.0 43
1771362978981 20762.0 44
1771362983869 20762.0 45
1771362988587 20762.0 46
1771362993484 20762.0 47
1771362998335 20762.0 48
1771363003307 20762.0 49
1771363008151 20762.0 50
1771363013617 20762.0 51
1771363018479 20762.0 52
1771363023411 20762.0 53
1771363028268 20762.0 54
1771363033143 20762.0 55
1771363037877 20762.0 56
1771363043300 20762.0 57
1771363048207 20762.0 58
1771363053132 20762.0 59
1771363058028 20762.0 60
1771363063022 20762.0 61
1771363068013 20762.0 62
1771363073027 20762.0 63
1771363078021 20762.0 64
1771363082959 20762.0 65
1771363087768 20762.0 66
1771363092828 20762.0 67
1771363097902 20762.0 68
1771363102780 20762.0 69
1771363107713 20762.0 70
1771363112508 20762.0 71
1771363117468 20762.0 72
1771363122361 20762.0 73
1771363127296 20762.0 74
1771363132257 20762.0 75
1771363137035 20762.0 76
1771363142091 20762.0 77
1771363147059 20762.0 78
1771363152049 20762.0 79
1771363156972 20762.0 80
1771363161832 20762.0 81
1771363166821 20762.0 82
1771363171854 20762.0 83
1771363176787 20762.0 84
1771363181779 20762.0 85
1771363186613 20762.0 86
1771363192094 20762.0 87
1771363197025 20762.0 88
1771363201978 20762.0 89
1771363206989 20762.0 90
1771363211844 20762.0 91
1771363216779 20762.0 92
1771363221757 20762.0 93
1771363226689 20762.0 94
1771363231560 20762.0 95
1771363236451 20762.0 96
1771363241412 20762.0 97
1771363246688 20762.0 98
1771363251763 20762.0 99
