1761207953473 3454.0 0
1761207954313 3452.0 1
1761207955144 3352.0 2
1761207955988 3352.0 3
1761207956847 3352.0 4
1761207957701 3152.0 5
1761207958526 3150.0 6
1761207959356 3150.0 7
1761207960206 3150.0 8
1761207961053 3150.0 9
1761207961889 3150.0 10
1761207962730 3150.0 11
1761207963548 3050.0 12
1761207964384 3050.0 13
1761207965225 3050.0 14
1761207966088 3046.0 15
1761207966945 2950.0 16
1761207967811 2950.0 17
1761207968654 2950.0 18
1761207969494 2840.0 19
1761207970343 2840.0 20
1761207971183 2840.0 21
1761207972016 2840.0 22
1761207972858 2832.0 23
1761207973677 2832.0 24
1761207974526 2738.0 25
1761207975367 2649.0 26
1761207976208 2643.0 27
1761207977048 2643.0 28
1761207977908 2643.0 29
1761207978761 2643.0 30
1761207979618 2643.0 31
1761207980452 2543.0 32
1761207981303 2543.0 33
1761207982177 2543.0 34
1761207983027 2524.0 35
1761207983866 2524.0 36
1761207984719 2424.0 37
1761207985559 2343.0 38
1761207986402 2335.0 39
1761207987238 2335.0 40
1761207988093 2335.0 41
1761207988978 2135.0 42
1761207989829 2135.0 43
1761207990688 2135.0 44
1761207991536 2135.0 45
1761207992382 2035.0 46
1761207993229 2035.0 47
1761207994089 2035.0 48
1761207994929 2035.0 49
1761207995772 2035.0 50
1761207996615 1835.0 51
1761207997465 1835.0 52
1761207998324 1835.0 53
1761207999193 1835.0 54
1761208000054 1833.0 55
1761208000938 1833.0 56
1761208001804 1833.0 57
1761208002666 1742.0 58
1761208003518 1742.0 59
1761208004378 1742.0 60
1761208005224 1742.0 61
1761208006075 1742.0 62
1761208006923 1742.0 63
1761208007782 1642.0 64
1761208008634 1550.0 65
1761208009508 1550.0 66
1761208010371 1550.0 67
1761208011221 1550.0 68
1761208012065 1550.0 69
1761208012910 1550.0 70
1761208013765 1548.0 71
1761208014614 1548.0 72
1761208015473 1548.0 73
1761208016337 1548.0 74
1761208017199 1548.0 75
1761208018059 1548.0 76
1761208018937 1548.0 77
1761208019806 1548.0 78
1761208020689 1548.0 79
1761208021534 1548.0 80
1761208022384 1548.0 81
1761208023246 1548.0 82
1761208024109 1548.0 83
1761208024956 1548.0 84
1761208025826 1548.0 85
1761208026677 1548.0 86
1761208027539 1548.0 87
1761208028409 1548.0 88
1761208029295 1548.0 89
1761208030171 1548.0 90
1761208031075 1548.0 91
1761208031955 1548.0 92
1761208032813 1548.0 93
1761208033704 1548.0 94
1761208034556 1548.0 95
1761208035409 1548.0 96
1761208036271 1548.0 97
1761208037138 1548.0 98
1761208037982 1548.0 99
