1761275664506 2959.0 0
1761275672890 2914.0 1
1761275680519 2914.0 2
1761275687757 2914.0 3
1761275695036 2914.0 4
1761275702546 2914.0 5
1761275711385 2914.0 6
1761275720962 2914.0 7
1761275730306 2914.0 8
1761275739477 2914.0 9
1761275748883 2914.0 10
1761275758522 2914.0 11
1761275768438 2914.0 12
1761275778180 2914.0 13
1761275787921 2914.0 14
1761275797899 2719.0 15
1761275807833 2719.0 16
1761275817306 2719.0 17
1761275827212 2719.0 18
1761275836957 2719.0 19
1761275846252 2719.0 20
1761275855692 2719.0 21
1761275865286 2719.0 22
1761275875054 2719.0 23
1761275884420 2719.0 24
1761275893741 2719.0 25
1761275902946 2719.0 26
1761275912285 2719.0 27
1761275922574 2719.0 28
1761275932796 2719.0 29
1761275940528 2719.0 30
1761275948499 2719.0 31
1761275956574 2719.0 32
1761275964563 2719.0 33
1761275972506 2719.0 34
1761275980514 2719.0 35
1761275988511 2719.0 36
1761275996504 2719.0 37
1761276004448 2719.0 38
1761276012446 2719.0 39
1761276020317 2719.0 40
1761276028265 2719.0 41
1761276036209 2719.0 42
1761276044113 2719.0 43
1761276052116 2719.0 44
1761276060026 2719.0 45
1761276067959 2719.0 46
1761276075919 2719.0 47
1761276083919 2719.0 48
1761276091869 2719.0 49
1761276099775 2719.0 50
1761276107716 2719.0 51
1761276115744 2719.0 52
1761276123720 2719.0 53
1761276131663 2719.0 54
1761276139595 2719.0 55
1761276147663 2719.0 56
1761276155802 2719.0 57
1761276163802 2719.0 58
1761276171829 2719.0 59
1761276179761 2719.0 60
1761276187754 2719.0 61
1761276195787 2719.0 62
1761276203821 2719.0 63
1761276211856 2719.0 64
1761276219831 2719.0 65
1761276227881 2719.0 66
1761276235987 2719.0 67
1761276243930 2719.0 68
1761276251884 2719.0 69
1761276259796 2719.0 70
1761276267760 2719.0 71
1761276275672 2719.0 72
1761276283564 2719.0 73
1761276291526 2719.0 74
1761276299525 2719.0 75
1761276307435 2719.0 76
1761276315303 2719.0 77
1761276323256 2719.0 78
1761276331124 2719.0 79
1761276339061 2719.0 80
1761276347700 2719.0 81
1761276355901 2719.0 82
1761276363886 2719.0 83
1761276371926 2719.0 84
1761276380140 2719.0 85
1761276388319 2719.0 86
1761276396370 2719.0 87
1761276404363 2719.0 88
1761276412395 2719.0 89
1761276420491 2719.0 90
1761276428481 2719.0 91
1761276436523 2719.0 92
1761276444641 2719.0 93
1761276452657 2719.0 94
1761276460608 2719.0 95
1761276468600 2719.0 96
1761276476708 2719.0 97
1761276484684 2719.0 98
1761276492641 2719.0 99
