1761270388614 2182.0 0
1761270388976 1857.0 1
1761270389318 1464.0 2
1761270389628 1356.0 3
1761270389930 1263.0 4
1761270390256 1156.0 5
1761270390557 1155.0 6
1761270390859 1148.0 7
1761270391151 1148.0 8
1761270391505 1148.0 9
1761270391793 1050.0 10
1761270392090 950.0 11
1761270392385 948.0 12
1761270392679 948.0 13
1761270392967 948.0 14
1761270393255 948.0 15
1761270393548 848.0 16
1761270393837 848.0 17
1761270394191 848.0 18
1761270394483 846.0 19
1761270394770 846.0 20
1761270395056 846.0 21
1761270395344 846.0 22
1761270395635 746.0 23
1761270395926 746.0 24
1761270396220 746.0 25
1761270396510 746.0 26
1761270396799 746.0 27
1761270397145 746.0 28
1761270397439 746.0 29
1761270397730 746.0 30
1761270398019 746.0 31
1761270398306 746.0 32
1761270398596 746.0 33
1761270398882 746.0 34
1761270399169 746.0 35
1761270399462 646.0 36
1761270399810 646.0 37
1761270400092 646.0 38
1761270400381 638.0 39
1761270400658 638.0 40
1761270400936 638.0 41
1761270401217 638.0 42
1761270401497 638.0 43
1761270401776 638.0 44
1761270402055 638.0 45
1761270402336 638.0 46
1761270402681 636.0 47
1761270402959 636.0 48
1761270403233 636.0 49
1761270403508 636.0 50
1761270403779 636.0 51
1761270404049 636.0 52
1761270404321 636.0 53
1761270404593 636.0 54
1761270404862 636.0 55
1761270405195 536.0 56
1761270405471 536.0 57
1761270405743 536.0 58
1761270406015 436.0 59
1761270406283 436.0 60
1761270406560 436.0 61
1761270406833 436.0 62
1761270407111 436.0 63
1761270407387 436.0 64
1761270407727 436.0 65
1761270408003 436.0 66
1761270408278 436.0 67
1761270408549 436.0 68
1761270408819 436.0 69
1761270409090 436.0 70
1761270409356 436.0 71
1761270409631 436.0 72
1761270409902 436.0 73
1761270410173 436.0 74
1761270410503 436.0 75
1761270410779 436.0 76
1761270411051 436.0 77
1761270411322 436.0 78
1761270411597 436.0 79
1761270411867 436.0 80
1761270412137 436.0 81
1761270412411 336.0 82
1761270412690 336.0 83
1761270413031 336.0 84
1761270413305 336.0 85
1761270413576 336.0 86
1761270413845 336.0 87
1761270414116 336.0 88
1761270414392 336.0 89
1761270414665 336.0 90
1761270414936 336.0 91
1761270415213 336.0 92
1761270415484 336.0 93
1761270415822 336.0 94
1761270416090 336.0 95
1761270416365 336.0 96
1761270416635 336.0 97
1761270416904 336.0 98
1761270417186 336.0 99
