1761195295916 3021.0 0
1761195296339 3021.0 1
1761195296689 3021.0 2
1761195297044 3021.0 3
1761195297388 3021.0 4
1761195297738 3021.0 5
1761195298085 3021.0 6
1761195298426 3021.0 7
1761195298762 3021.0 8
1761195299103 3021.0 9
1761195299450 3021.0 10
1761195299789 3021.0 11
1761195300135 3021.0 12
1761195300482 3021.0 13
1761195300827 3021.0 14
1761195301168 3021.0 15
1761195301509 3021.0 16
1761195301860 3021.0 17
1761195302211 3021.0 18
1761195302557 3021.0 19
1761195302906 3021.0 20
1761195303251 3021.0 21
1761195303600 3021.0 22
1761195303938 3021.0 23
1761195304280 3021.0 24
1761195304618 3021.0 25
1761195304961 3021.0 26
1761195305302 3021.0 27
1761195305644 3021.0 28
1761195305987 3021.0 29
1761195306330 3021.0 30
1761195306674 3021.0 31
1761195307023 3021.0 32
1761195307370 3021.0 33
1761195307710 3021.0 34
1761195308074 3021.0 35
1761195308425 3021.0 36
1761195308774 3021.0 37
1761195309118 3021.0 38
1761195309455 3021.0 39
1761195309793 3021.0 40
1761195310127 3021.0 41
1761195310474 3021.0 42
1761195310809 3021.0 43
1761195311146 3021.0 44
1761195311484 3021.0 45
1761195311823 3021.0 46
1761195312167 3021.0 47
1761195312503 3021.0 48
1761195312843 3021.0 49
1761195313190 3021.0 50
1761195313543 3021.0 51
1761195313885 3021.0 52
1761195314221 3021.0 53
1761195314558 3021.0 54
1761195314901 3021.0 55
1761195315232 3021.0 56
1761195315578 3021.0 57
1761195315912 3021.0 58
1761195316261 3021.0 59
1761195316594 3021.0 60
1761195316943 3021.0 61
1761195317285 3021.0 62
1761195317622 3021.0 63
1761195317957 3021.0 64
1761195318301 3021.0 65
1761195318648 3021.0 66
1761195318998 3021.0 67
1761195319360 3021.0 68
1761195319702 3021.0 69
1761195320052 3021.0 70
1761195320391 3021.0 71
1761195320737 3021.0 72
1761195321080 3021.0 73
1761195321418 3021.0 74
1761195321767 3021.0 75
1761195322110 3021.0 76
1761195322462 3021.0 77
1761195322812 3021.0 78
1761195323159 3021.0 79
1761195323508 3021.0 80
1761195323863 3021.0 81
1761195324204 3021.0 82
1761195324548 3021.0 83
1761195324874 3021.0 84
1761195325224 3021.0 85
1761195325570 3021.0 86
1761195325913 3021.0 87
1761195326261 3021.0 88
1761195326607 3021.0 89
1761195326943 3021.0 90
1761195327283 3021.0 91
1761195327629 3021.0 92
1761195327978 3021.0 93
1761195328326 3021.0 94
1761195328678 3021.0 95
1761195329021 3021.0 96
1761195329363 3021.0 97
1761195329703 3021.0 98
1761195330047 3021.0 99
