1771749621345 3029.0 0
1771749622855 3029.0 1
1771749624009 3029.0 2
1771749625173 3029.0 3
1771749626378 3029.0 4
1771749627475 3029.0 5
1771749628603 3029.0 6
1771749629748 3029.0 7
1771749630873 3029.0 8
1771749632024 3029.0 9
1771749633132 3029.0 10
1771749634307 3029.0 11
1771749635413 3029.0 12
1771749636567 3029.0 13
1771749637671 3029.0 14
1771749638772 3029.0 15
1771749639884 3029.0 16
1771749640981 3029.0 17
1771749642155 3029.0 18
1771749643261 3029.0 19
1771749644390 3029.0 20
1771749645481 3029.0 21
1771749646576 3029.0 22
1771749647660 3029.0 23
1771749648769 3029.0 24
1771749649857 3029.0 25
1771749651025 3029.0 26
1771749652124 3029.0 27
1771749653234 3029.0 28
1771749654364 3029.0 29
1771749655480 3029.0 30
1771749656574 3029.0 31
1771749657655 3029.0 32
1771749658751 3029.0 33
1771749659902 3029.0 34
1771749661012 3029.0 35
1771749662109 3029.0 36
1771749663208 3029.0 37
1771749664284 3029.0 38
1771749665398 3029.0 39
1771749666526 3029.0 40
1771749667625 3029.0 41
1771749668768 3029.0 42
1771749669886 3029.0 43
1771749671005 3029.0 44
1771749672149 3029.0 45
1771749673275 3029.0 46
1771749674397 3029.0 47
1771749675555 3029.0 48
1771749676783 3029.0 49
1771749677888 3029.0 50
1771749679001 3029.0 51
1771749680122 3029.0 52
1771749681220 3029.0 53
1771749682301 3029.0 54
1771749683444 3029.0 55
1771749684563 3029.0 56
1771749685697 3029.0 57
1771749686831 3029.0 58
1771749687953 3029.0 59
1771749689081 3029.0 60
1771749690199 3029.0 61
1771749691353 3029.0 62
1771749692436 3029.0 63
1771749693522 3029.0 64
1771749694608 3029.0 65
1771749695739 3029.0 66
1771749696871 3029.0 67
1771749698005 3029.0 68
1771749699126 3029.0 69
1771749700286 3029.0 70
1771749701426 3029.0 71
1771749702532 3029.0 72
1771749703638 3029.0 73
1771749704760 3029.0 74
1771749705938 3029.0 75
1771749707080 3029.0 76
1771749708193 3029.0 77
1771749709289 3029.0 78
1771749710375 3029.0 79
1771749711471 3029.0 80
1771749712611 3029.0 81
1771749713728 3029.0 82
1771749714820 3029.0 83
1771749715955 3029.0 84
1771749717119 3029.0 85
1771749718307 3029.0 86
1771749719439 3029.0 87
1771749720617 3029.0 88
1771749721746 3029.0 89
1771749722930 3029.0 90
1771749724101 3029.0 91
1771749725214 3029.0 92
1771749726341 3029.0 93
1771749727458 3029.0 94
1771749728650 3029.0 95
1771749729828 3029.0 96
1771749730944 3029.0 97
1771749732081 3029.0 98
1771749733235 3029.0 99
