1771394074815 21306.0 0
1771394131312 21232.0 1
1771394188476 20820.0 2
1771394246176 20820.0 3
1771394305641 20820.0 4
1771394365235 20820.0 5
1771394427236 20820.0 6
1771394491085 20820.0 7
1771394554862 20477.0 8
1771394619853 20477.0 9
1771394685627 20477.0 10
1771394752231 20477.0 11
1771394818901 20477.0 12
1771394886725 19734.0 13
1771394954164 19734.0 14
1771395022140 19734.0 15
1771395094152 19579.0 16
1771395166200 19579.0 17
1771395236145 19579.0 18
1771395309784 19579.0 19
1771395385962 19579.0 20
1771395461360 19579.0 21
1771395537244 19579.0 22
1771395613352 19579.0 23
1771395690732 19579.0 24
1771395767222 19579.0 25
1771395843777 19579.0 26
1771395919002 19579.0 27
1771395994116 19579.0 28
1771396068968 19579.0 29
1771396146617 19579.0 30
1771396218614 19579.0 31
1771396287056 19579.0 32
1771396354499 19579.0 33
1771396422858 19579.0 34
1771396491597 19579.0 35
1771396560268 19579.0 36
1771396629573 19579.0 37
1771396698880 19579.0 38
1771396767371 19579.0 39
1771396836161 19579.0 40
1771396904825 19579.0 41
1771396973621 19579.0 42
1771397042043 19579.0 43
1771397111548 19579.0 44
1771397180017 19579.0 45
1771397247804 19579.0 46
1771397317706 19579.0 47
1771397387404 19579.0 48
1771397456287 19579.0 49
1771397525428 19579.0 50
1771397593314 19579.0 51
1771397661045 19579.0 52
1771397729614 19579.0 53
1771397797364 19579.0 54
1771397865434 19579.0 55
1771397933398 19579.0 56
1771398002557 19579.0 57
1771398070905 19579.0 58
1771398140669 19579.0 59
1771398210155 19579.0 60
1771398279204 19579.0 61
1771398347226 19579.0 62
1771398416577 19579.0 63
1771398484711 19579.0 64
1771398555369 19579.0 65
1771398624550 19579.0 66
1771398693123 19579.0 67
1771398761570 19579.0 68
1771398830170 19579.0 69
1771398900270 19579.0 70
1771398968979 19579.0 71
1771399037328 19579.0 72
1771399106958 19579.0 73
1771399174680 19579.0 74
1771399243183 19579.0 75
1771399310508 19579.0 76
1771399379378 19579.0 77
1771399447415 19579.0 78
1771399516607 19579.0 79
1771399584958 19579.0 80
1771399652772 19579.0 81
1771399720869 19579.0 82
1771399789195 19579.0 83
1771399855359 19579.0 84
1771399924484 19579.0 85
1771399992108 19579.0 86
1771400059888 19579.0 87
1771400127920 19579.0 88
1771400196600 19579.0 89
1771400263867 19579.0 90
1771400332039 19579.0 91
1771400400018 19579.0 92
1771400466910 19579.0 93
1771400535013 19579.0 94
1771400602850 19579.0 95
1771400670155 19579.0 96
1771400738585 19579.0 97
1771400807587 19579.0 98
1771400874036 19579.0 99
