1761201874189 3306.0 0
1761201875040 3206.0 1
1761201875894 3133.0 2
1761201876746 3133.0 3
1761201877618 2927.0 4
1761201878463 2927.0 5
1761201879317 2827.0 6
1761201880182 2827.0 7
1761201881049 2827.0 8
1761201881886 2827.0 9
1761201882753 2822.0 10
1761201883619 2622.0 11
1761201884504 2622.0 12
1761201885383 2622.0 13
1761201886242 2622.0 14
1761201887131 2522.0 15
1761201887998 2522.0 16
1761201888853 2522.0 17
1761201889713 2422.0 18
1761201890560 2322.0 19
1761201891443 2322.0 20
1761201892312 2322.0 21
1761201893192 2222.0 22
1761201894066 2222.0 23
1761201894920 2222.0 24
1761201895787 2222.0 25
1761201896661 2118.0 26
1761201897524 2118.0 27
1761201898380 2118.0 28
1761201899243 2010.0 29
1761201900104 2010.0 30
1761201900968 2010.0 31
1761201901825 2010.0 32
1761201902702 2010.0 33
1761201903553 2010.0 34
1761201904434 2010.0 35
1761201905316 2010.0 36
1761201906183 2010.0 37
1761201907052 2010.0 38
1761201907933 2010.0 39
1761201908794 2010.0 40
1761201909657 2010.0 41
1761201910507 2010.0 42
1761201911364 2010.0 43
1761201912203 2010.0 44
1761201913105 2010.0 45
1761201913986 2010.0 46
1761201914872 2010.0 47
1761201915745 2010.0 48
1761201916625 2010.0 49
1761201917493 2010.0 50
1761201918368 2010.0 51
1761201919225 2010.0 52
1761201920094 2010.0 53
1761201920963 1930.0 54
1761201921828 1930.0 55
1761201922722 1930.0 56
1761201923609 1925.0 57
1761201924474 1925.0 58
1761201925336 1925.0 59
1761201926206 1825.0 60
1761201927067 1825.0 61
1761201927928 1820.0 62
1761201928780 1820.0 63
1761201929637 1714.0 64
1761201930504 1714.0 65
1761201931370 1712.0 66
1761201932224 1712.0 67
1761201933098 1712.0 68
1761201933974 1625.0 69
1761201934839 1625.0 70
1761201935694 1525.0 71
1761201936561 1525.0 72
1761201937427 1525.0 73
1761201938334 1525.0 74
1761201939202 1510.0 75
1761201940076 1410.0 76
1761201940944 1410.0 77
1761201941798 1410.0 78
1761201942677 1410.0 79
1761201943555 1410.0 80
1761201944418 1225.0 81
1761201945296 1125.0 82
1761201946156 1125.0 83
1761201947053 1125.0 84
1761201947918 1125.0 85
1761201948797 1125.0 86
1761201949666 1125.0 87
1761201950529 1125.0 88
1761201951418 1125.0 89
1761201952292 1125.0 90
1761201953175 1125.0 91
1761201954063 1125.0 92
1761201954941 1125.0 93
1761201955805 1125.0 94
1761201956676 1125.0 95
1761201957550 1125.0 96
1761201958416 1125.0 97
1761201959287 1125.0 98
1761201960152 1125.0 99
