1761201777159 1817.0 0
1761201781548 1817.0 1
1761201786030 1781.0 2
1761201790548 1781.0 3
1761201795121 1781.0 4
1761201799801 1781.0 5
1761201804450 1781.0 6
1761201809233 1781.0 7
1761201813986 1637.0 8
1761201818813 1586.0 9
1761201823726 1586.0 10
1761201828604 1586.0 11
1761201833495 1586.0 12
1761201838430 1586.0 13
1761201843331 1586.0 14
1761201848239 1586.0 15
1761201853257 1586.0 16
1761201858204 1586.0 17
1761201863239 1586.0 18
1761201868305 1586.0 19
1761201873236 1586.0 20
1761201878238 1586.0 21
1761201883260 1586.0 22
1761201888247 1586.0 23
1761201893234 1586.0 24
1761201898264 1586.0 25
1761201903332 1586.0 26
1761201908375 1586.0 27
1761201913362 1586.0 28
1761201918361 1586.0 29
1761201923385 1586.0 30
1761201928464 1586.0 31
1761201933601 1586.0 32
1761201938738 1586.0 33
1761201943825 1586.0 34
1761201948886 1586.0 35
1761201953973 1586.0 36
1761201959129 1586.0 37
1761201964327 1586.0 38
1761201969386 1586.0 39
1761201974474 1586.0 40
1761201979530 1586.0 41
1761201984614 1586.0 42
1761201989746 1586.0 43
1761201994928 1586.0 44
1761202000007 1586.0 45
1761202005088 1586.0 46
1761202010213 1586.0 47
1761202015328 1586.0 48
1761202020447 1586.0 49
1761202025649 1586.0 50
1761202030723 1586.0 51
1761202035835 1586.0 52
1761202040927 1586.0 53
1761202046048 1586.0 54
1761202051263 1586.0 55
1761202056449 1586.0 56
1761202061577 1586.0 57
1761202066717 1586.0 58
1761202071861 1586.0 59
1761202077000 1586.0 60
1761202082169 1586.0 61
1761202087352 1586.0 62
1761202092433 1586.0 63
1761202097568 1586.0 64
1761202102760 1586.0 65
1761202107907 1586.0 66
1761202112966 1586.0 67
1761202118144 1586.0 68
1761202123256 1586.0 69
1761202128391 1586.0 70
1761202133523 1586.0 71
1761202138732 1586.0 72
1761202143802 1586.0 73
1761202148958 1586.0 74
1761202154064 1586.0 75
1761202159227 1586.0 76
1761202164380 1586.0 77
1761202169457 1586.0 78
1761202174545 1586.0 79
1761202179758 1586.0 80
1761202185011 1586.0 81
1761202190221 1586.0 82
1761202195557 1586.0 83
1761202200951 1586.0 84
1761202206234 1586.0 85
1761202211614 1586.0 86
1761202216927 1586.0 87
1761202222470 1586.0 88
1761202227977 1586.0 89
1761202233595 1586.0 90
1761202238783 1586.0 91
1761202243992 1586.0 92
1761202249024 1586.0 93
1761202254198 1586.0 94
1761202259608 1586.0 95
1761202264657 1586.0 96
1761202269707 1586.0 97
1761202274849 1586.0 98
1761202280082 1586.0 99
