1761202340748 1818.0 0
1761202341142 1492.0 1
1761202341528 1189.0 2
1761202341931 999.0 3
1761202342338 887.0 4
1761202342749 787.0 5
1761202343165 787.0 6
1761202343575 787.0 7
1761202343980 787.0 8
1761202344392 787.0 9
1761202344807 787.0 10
1761202345218 687.0 11
1761202345641 687.0 12
1761202346103 687.0 13
1761202346515 687.0 14
1761202346931 687.0 15
1761202347345 687.0 16
1761202347762 587.0 17
1761202348175 587.0 18
1761202348596 579.0 19
1761202349001 579.0 20
1761202349408 579.0 21
1761202349821 579.0 22
1761202350233 579.0 23
1761202350646 579.0 24
1761202351102 575.0 25
1761202351514 575.0 26
1761202351928 481.0 27
1761202352342 475.0 28
1761202352764 475.0 29
1761202353198 475.0 30
1761202353612 475.0 31
1761202354027 469.0 32
1761202354431 367.0 33
1761202354851 367.0 34
1761202355265 367.0 35
1761202355686 367.0 36
1761202356157 367.0 37
1761202356579 267.0 38
1761202356991 265.0 39
1761202357409 263.0 40
1761202357817 263.0 41
1761202358228 263.0 42
1761202358642 263.0 43
1761202359059 263.0 44
1761202359475 263.0 45
1761202359894 263.0 46
1761202360309 263.0 47
1761202360724 263.0 48
1761202361186 263.0 49
1761202361590 263.0 50
1761202362000 263.0 51
1761202362406 263.0 52
1761202362814 263.0 53
1761202363228 263.0 54
1761202363644 263.0 55
1761202364060 255.0 56
1761202364472 255.0 57
1761202364886 255.0 58
1761202365281 255.0 59
1761202365683 255.0 60
1761202366150 255.0 61
1761202366559 255.0 62
1761202366972 255.0 63
1761202367387 255.0 64
1761202367784 255.0 65
1761202368198 255.0 66
1761202368599 255.0 67
1761202368997 255.0 68
1761202369420 255.0 69
1761202369838 255.0 70
1761202370260 255.0 71
1761202370677 255.0 72
1761202371134 255.0 73
1761202371542 255.0 74
1761202371951 255.0 75
1761202372341 255.0 76
1761202372750 255.0 77
1761202373162 255.0 78
1761202373568 255.0 79
1761202373965 255.0 80
1761202374362 255.0 81
1761202374778 255.0 82
1761202375188 255.0 83
1761202375601 255.0 84
1761202376063 255.0 85
1761202376463 255.0 86
1761202376873 255.0 87
1761202377280 255.0 88
1761202377681 255.0 89
1761202378081 255.0 90
1761202378490 255.0 91
1761202378900 255.0 92
1761202379308 255.0 93
1761202379713 255.0 94
1761202380136 255.0 95
1761202380554 255.0 96
1761202381016 255.0 97
1761202381419 255.0 98
1761202381830 255.0 99
