1761201048048 3122.0 0
1761201048568 3122.0 1
1761201049020 3122.0 2
1761201049479 3122.0 3
1761201049924 3122.0 4
1761201050373 3122.0 5
1761201050830 3122.0 6
1761201051296 3122.0 7
1761201051745 3122.0 8
1761201052199 3122.0 9
1761201052660 3122.0 10
1761201053105 3122.0 11
1761201053548 3122.0 12
1761201054004 3122.0 13
1761201054453 3122.0 14
1761201054908 3122.0 15
1761201055360 3122.0 16
1761201055815 3122.0 17
1761201056360 3122.0 18
1761201056945 3122.0 19
1761201057522 3122.0 20
1761201058096 3122.0 21
1761201058668 3122.0 22
1761201059267 3122.0 23
1761201059817 3122.0 24
1761201060398 3122.0 25
1761201060956 3122.0 26
1761201061482 3122.0 27
1761201061991 3122.0 28
1761201062525 3122.0 29
1761201063038 3122.0 30
1761201063535 3122.0 31
1761201064050 3122.0 32
1761201064597 3122.0 33
1761201065045 3122.0 34
1761201065491 3122.0 35
1761201065935 3122.0 36
1761201066374 3122.0 37
1761201066809 3122.0 38
1761201067245 3122.0 39
1761201067690 3122.0 40
1761201068133 3122.0 41
1761201068579 3122.0 42
1761201069034 3122.0 43
1761201069481 3122.0 44
1761201069935 3122.0 45
1761201070387 3122.0 46
1761201070837 3122.0 47
1761201071275 3122.0 48
1761201071719 3122.0 49
1761201072164 3122.0 50
1761201072613 3122.0 51
1761201073067 3122.0 52
1761201073510 3122.0 53
1761201073953 3122.0 54
1761201074396 3122.0 55
1761201074833 3122.0 56
1761201075283 3122.0 57
1761201075727 3122.0 58
1761201076172 3122.0 59
1761201076621 3122.0 60
1761201077065 3122.0 61
1761201077516 3122.0 62
1761201077962 3122.0 63
1761201078410 3122.0 64
1761201078860 3122.0 65
1761201079306 3122.0 66
1761201079769 3122.0 67
1761201080216 3122.0 68
1761201080663 3122.0 69
1761201081105 3122.0 70
1761201081541 3122.0 71
1761201081980 3122.0 72
1761201082425 3122.0 73
1761201082875 3122.0 74
1761201083316 3122.0 75
1761201083769 3122.0 76
1761201084211 3122.0 77
1761201084653 3122.0 78
1761201085107 3122.0 79
1761201085549 3122.0 80
1761201085986 3122.0 81
1761201086432 3122.0 82
1761201086880 3122.0 83
1761201087311 3122.0 84
1761201087754 3122.0 85
1761201088200 3122.0 86
1761201088636 3122.0 87
1761201089081 3122.0 88
1761201089530 3122.0 89
1761201089981 3122.0 90
1761201090430 3122.0 91
1761201090879 3122.0 92
1761201091326 3122.0 93
1761201091771 3122.0 94
1761201092217 3122.0 95
1761201092668 3122.0 96
1761201093118 3122.0 97
1761201093566 3122.0 98
1761201094016 3122.0 99
