1761268441645 2080.0 0
1761268447860 2080.0 1
1761268454329 2080.0 2
1761268460811 2080.0 3
1761268467548 1286.0 4
1761268474293 1286.0 5
1761268481133 1286.0 6
1761268488071 1286.0 7
1761268495177 1286.0 8
1761268502307 1286.0 9
1761268509457 1286.0 10
1761268516667 1286.0 11
1761268523895 1286.0 12
1761268531274 1286.0 13
1761268538591 1286.0 14
1761268545999 1286.0 15
1761268553388 1286.0 16
1761268560861 1286.0 17
1761268568280 1286.0 18
1761268575702 1286.0 19
1761268583153 1286.0 20
1761268590624 1286.0 21
1761268598126 1286.0 22
1761268605602 1286.0 23
1761268613101 1286.0 24
1761268620613 1286.0 25
1761268628130 1286.0 26
1761268635611 1286.0 27
1761268643056 1286.0 28
1761268650495 1286.0 29
1761268658136 1286.0 30
1761268665705 1286.0 31
1761268673272 1286.0 32
1761268680865 1286.0 33
1761268688565 1286.0 34
1761268696136 1286.0 35
1761268703634 1286.0 36
1761268711153 1286.0 37
1761268718651 1286.0 38
1761268726209 1286.0 39
1761268733744 1286.0 40
1761268741295 1286.0 41
1761268748777 1286.0 42
1761268756251 1286.0 43
1761268763785 1286.0 44
1761268771288 1286.0 45
1761268778866 1286.0 46
1761268786413 1286.0 47
1761268794033 1286.0 48
1761268801564 1286.0 49
1761268809077 1286.0 50
1761268816576 1286.0 51
1761268824155 1286.0 52
1761268831693 1286.0 53
1761268839253 1286.0 54
1761268846803 1286.0 55
1761268854385 1286.0 56
1761268861982 1286.0 57
1761268869487 1286.0 58
1761268876983 1286.0 59
1761268884502 1286.0 60
1761268892083 1286.0 61
1761268899602 1286.0 62
1761268907177 1286.0 63
1761268914750 1286.0 64
1761268922292 1286.0 65
1761268929874 1286.0 66
1761268937547 1286.0 67
1761268945083 1286.0 68
1761268952572 1286.0 69
1761268960147 1286.0 70
1761268967693 1286.0 71
1761268975254 1286.0 72
1761268982826 1286.0 73
1761268990349 1286.0 74
1761268998006 1286.0 75
1761269005520 1286.0 76
1761269013127 1286.0 77
1761269020673 1286.0 78
1761269028311 1286.0 79
1761269035927 1286.0 80
1761269043524 1286.0 81
1761269051068 1286.0 82
1761269058640 1286.0 83
1761269066245 1286.0 84
1761269073835 1286.0 85
1761269081343 1286.0 86
1761269088896 1286.0 87
1761269096511 1286.0 88
1761269104094 1286.0 89
1761269111631 1286.0 90
1761269119196 1286.0 91
1761269126749 1286.0 92
1761269134361 1286.0 93
1761269141901 1286.0 94
1761269149509 1286.0 95
1761269157084 1286.0 96
1761269164676 1286.0 97
1761269172214 1286.0 98
1761269179812 1286.0 99
