1761207987281 1527.0 0
1761207987598 1327.0 1
1761207987941 1230.0 2
1761207988310 1037.0 3
1761207988689 1030.0 4
1761207989067 929.0 5
1761207989446 829.0 6
1761207989821 729.0 7
1761207990199 729.0 8
1761207990576 722.0 9
1761207990944 715.0 10
1761207991356 714.0 11
1761207991722 714.0 12
1761207992090 714.0 13
1761207992459 614.0 14
1761207992840 614.0 15
1761207993223 603.0 16
1761207993612 603.0 17
1761207994000 603.0 18
1761207994382 595.0 19
1761207994748 587.0 20
1761207995122 580.0 21
1761207995513 580.0 22
1761207995914 578.0 23
1761207996270 480.0 24
1761207996617 478.0 25
1761207996972 478.0 26
1761207997327 478.0 27
1761207997674 466.0 28
1761207998021 466.0 29
1761207998363 466.0 30
1761207998710 466.0 31
1761207999050 466.0 32
1761207999394 374.0 33
1761207999741 372.0 34
1761208000150 372.0 35
1761208000503 372.0 36
1761208000851 372.0 37
1761208001211 372.0 38
1761208001570 372.0 39
1761208001920 372.0 40
1761208002275 372.0 41
1761208002642 372.0 42
1761208002993 372.0 43
1761208003342 372.0 44
1761208003701 370.0 45
1761208004050 370.0 46
1761208004450 370.0 47
1761208004810 270.0 48
1761208005182 270.0 49
1761208005567 270.0 50
1761208005961 270.0 51
1761208006346 270.0 52
1761208006726 270.0 53
1761208007117 270.0 54
1761208007497 270.0 55
1761208007869 270.0 56
1761208008251 270.0 57
1761208008627 270.0 58
1761208009063 270.0 59
1761208009447 270.0 60
1761208009827 270.0 61
1761208010208 270.0 62
1761208010597 270.0 63
1761208010976 270.0 64
1761208011349 270.0 65
1761208011738 270.0 66
1761208012117 270.0 67
1761208012498 270.0 68
1761208012869 270.0 69
1761208013244 270.0 70
1761208013669 270.0 71
1761208014052 270.0 72
1761208014431 270.0 73
1761208014810 270.0 74
1761208015192 270.0 75
1761208015578 262.0 76
1761208015970 262.0 77
1761208016348 262.0 78
1761208016730 262.0 79
1761208017115 262.0 80
1761208017499 262.0 81
1761208017878 262.0 82
1761208018304 262.0 83
1761208018682 262.0 84
1761208019076 262.0 85
1761208019458 262.0 86
1761208019842 262.0 87
1761208020230 262.0 88
1761208020620 262.0 89
1761208021003 262.0 90
1761208021383 262.0 91
1761208021749 262.0 92
1761208022133 262.0 93
1761208022517 262.0 94
1761208022938 262.0 95
1761208023307 262.0 96
1761208023679 262.0 97
1761208024051 262.0 98
1761208024427 262.0 99
