1771903023816 3190.0 0
1771903025698 3190.0 1
1771903027099 3190.0 2
1771903028394 3190.0 3
1771903029711 3190.0 4
1771903031029 3190.0 5
1771903032366 3190.0 6
1771903033686 3190.0 7
1771903034987 3190.0 8
1771903036391 3190.0 9
1771903037876 3190.0 10
1771903039216 3190.0 11
1771903040585 3190.0 12
1771903041900 3190.0 13
1771903043273 3190.0 14
1771903044665 3190.0 15
1771903046001 3190.0 16
1771903047300 3190.0 17
1771903048653 3190.0 18
1771903049987 3190.0 19
1771903051437 3190.0 20
1771903052869 3190.0 21
1771903054210 3190.0 22
1771903055718 3190.0 23
1771903057121 3190.0 24
1771903058482 3190.0 25
1771903059948 3190.0 26
1771903061306 3190.0 27
1771903062678 3190.0 28
1771903064028 3190.0 29
1771903065329 3190.0 30
1771903066691 3190.0 31
1771903068023 3190.0 32
1771903069318 3190.0 33
1771903070633 3190.0 34
1771903072057 3190.0 35
1771903073388 3190.0 36
1771903074727 3190.0 37
1771903076060 3190.0 38
1771903077430 3190.0 39
1771903078742 3190.0 40
1771903080298 3190.0 41
1771903081612 3190.0 42
1771903083217 3190.0 43
1771903084714 3190.0 44
1771903086020 3190.0 45
1771903087341 3190.0 46
1771903088655 3190.0 47
1771903089973 3190.0 48
1771903091332 3190.0 49
1771903092678 3190.0 50
1771903094016 3190.0 51
1771903095420 3190.0 52
1771903096830 3190.0 53
1771903098311 3190.0 54
1771903099644 3190.0 55
1771903100978 3190.0 56
1771903102302 3190.0 57
1771903103634 3190.0 58
1771903105103 3190.0 59
1771903106467 3190.0 60
1771903108054 3190.0 61
1771903109463 3190.0 62
1771903110843 3190.0 63
1771903112212 3190.0 64
1771903113629 3190.0 65
1771903115020 3190.0 66
1771903116430 3190.0 67
1771903117792 3190.0 68
1771903119262 3190.0 69
1771903120592 3190.0 70
1771903121893 3190.0 71
1771903123260 3190.0 72
1771903124831 3190.0 73
1771903126270 3190.0 74
1771903127681 3190.0 75
1771903129059 3190.0 76
1771903130380 3190.0 77
1771903131842 3190.0 78
1771903133223 3190.0 79
1771903134579 3190.0 80
1771903135887 3190.0 81
1771903137186 3190.0 82
1771903138516 3190.0 83
1771903139866 3190.0 84
1771903141190 3190.0 85
1771903142534 3190.0 86
1771903144011 3190.0 87
1771903145357 3190.0 88
1771903146699 3190.0 89
1771903148060 3190.0 90
1771903149463 3190.0 91
1771903150812 3190.0 92
1771903152164 3190.0 93
1771903153426 3190.0 94
1771903154859 3190.0 95
1771903156195 3190.0 96
1771903157520 3190.0 97
1771903158852 3190.0 98
1771903160239 3190.0 99
