1761290278819 1887.0 0
1761290279191 1377.0 1
1761290279606 1287.0 2
1761290280043 887.0 3
1761290280519 785.0 4
1761290281015 587.0 5
1761290281536 585.0 6
1761290282018 585.0 7
1761290282504 585.0 8
1761290283051 470.0 9
1761290283521 462.0 10
1761290283976 460.0 11
1761290284408 460.0 12
1761290284892 460.0 13
1761290285364 460.0 14
1761290285827 460.0 15
1761290286303 460.0 16
1761290286770 460.0 17
1761290287209 460.0 18
1761290287756 460.0 19
1761290288186 460.0 20
1761290288679 460.0 21
1761290289106 455.0 22
1761290289544 455.0 23
1761290289990 453.0 24
1761290290444 453.0 25
1761290290858 453.0 26
1761290291364 453.0 27
1761290291903 453.0 28
1761290292355 353.0 29
1761290292805 351.0 30
1761290293275 351.0 31
1761290293664 351.0 32
1761290294117 351.0 33
1761290294556 342.0 34
1761290295039 342.0 35
1761290295528 342.0 36
1761290295991 342.0 37
1761290296397 342.0 38
1761290296819 342.0 39
1761290297244 342.0 40
1761290297631 342.0 41
1761290298049 342.0 42
1761290298458 342.0 43
1761290298896 342.0 44
1761290299349 342.0 45
1761290299827 342.0 46
1761290300287 342.0 47
1761290300732 342.0 48
1761290301198 340.0 49
1761290301636 340.0 50
1761290302113 340.0 51
1761290302571 340.0 52
1761290302970 340.0 53
1761290303486 340.0 54
1761290303912 340.0 55
1761290304469 340.0 56
1761290304994 340.0 57
1761290305473 340.0 58
1761290305980 338.0 59
1761290306431 338.0 60
1761290306883 338.0 61
1761290307360 338.0 62
1761290307805 338.0 63
1761290308265 338.0 64
1761290308698 338.0 65
1761290309194 338.0 66
1761290309650 338.0 67
1761290310098 338.0 68
1761290310508 338.0 69
1761290310950 338.0 70
1761290311403 338.0 71
1761290311875 338.0 72
1761290312327 338.0 73
1761290312768 338.0 74
1761290313252 338.0 75
1761290313655 338.0 76
1761290314080 338.0 77
1761290314485 338.0 78
1761290314917 338.0 79
1761290315346 338.0 80
1761290315770 338.0 81
1761290316238 338.0 82
1761290316650 338.0 83
1761290317093 338.0 84
1761290317563 338.0 85
1761290317991 338.0 86
1761290318403 338.0 87
1761290318824 338.0 88
1761290319234 338.0 89
1761290319711 338.0 90
1761290320141 338.0 91
1761290320553 338.0 92
1761290320954 338.0 93
1761290321441 338.0 94
1761290321854 338.0 95
1761290322252 338.0 96
1761290322674 338.0 97
1761290323134 338.0 98
1761290323545 338.0 99
