1761208375563 2091.0 0
1761208375921 1794.0 1
1761208376309 1381.0 2
1761208376681 992.0 3
1761208377057 992.0 4
1761208377435 990.0 5
1761208377814 990.0 6
1761208378197 990.0 7
1761208378574 890.0 8
1761208379013 890.0 9
1761208379398 881.0 10
1761208379780 881.0 11
1761208380166 881.0 12
1761208380556 788.0 13
1761208380933 681.0 14
1761208381313 681.0 15
1761208381702 679.0 16
1761208382084 672.0 17
1761208382518 672.0 18
1761208382888 665.0 19
1761208383258 665.0 20
1761208383635 665.0 21
1761208384013 665.0 22
1761208384393 663.0 23
1761208384770 663.0 24
1761208385148 663.0 25
1761208385515 563.0 26
1761208385933 563.0 27
1761208386307 563.0 28
1761208386685 558.0 29
1761208387057 558.0 30
1761208387427 558.0 31
1761208387793 558.0 32
1761208388169 558.0 33
1761208388551 558.0 34
1761208388912 551.0 35
1761208389290 551.0 36
1761208389702 551.0 37
1761208390061 551.0 38
1761208390425 551.0 39
1761208390786 542.0 40
1761208391144 542.0 41
1761208391507 542.0 42
1761208391863 542.0 43
1761208392229 542.0 44
1761208392591 542.0 45
1761208393004 442.0 46
1761208393371 442.0 47
1761208393735 442.0 48
1761208394097 442.0 49
1761208394470 442.0 50
1761208394834 442.0 51
1761208395210 442.0 52
1761208395570 442.0 53
1761208395933 442.0 54
1761208396295 442.0 55
1761208396718 442.0 56
1761208397086 442.0 57
1761208397447 442.0 58
1761208397802 442.0 59
1761208398177 442.0 60
1761208398537 442.0 61
1761208398898 442.0 62
1761208399265 442.0 63
1761208399638 442.0 64
1761208400053 442.0 65
1761208400415 442.0 66
1761208400776 442.0 67
1761208401135 442.0 68
1761208401498 442.0 69
1761208401865 442.0 70
1761208402228 442.0 71
1761208402594 442.0 72
1761208402950 442.0 73
1761208403303 442.0 74
1761208403721 442.0 75
1761208404095 442.0 76
1761208404467 342.0 77
1761208404838 342.0 78
1761208405214 342.0 79
1761208405583 342.0 80
1761208405956 342.0 81
1761208406315 342.0 82
1761208406685 342.0 83
1761208407105 342.0 84
1761208407477 342.0 85
1761208407841 342.0 86
1761208408202 342.0 87
1761208408574 342.0 88
1761208408934 342.0 89
1761208409305 342.0 90
1761208409675 342.0 91
1761208410040 342.0 92
1761208410453 342.0 93
1761208410815 342.0 94
1761208411181 342.0 95
1761208411542 342.0 96
1761208411910 342.0 97
1761208412279 342.0 98
1761208412641 342.0 99
