1761287548258 3122.0 0
1761287548733 2725.0 1
1761287549226 2511.0 2
1761287549738 2220.0 3
1761287550272 2011.0 4
1761287550814 1913.0 5
1761287551361 1911.0 6
1761287551895 1906.0 7
1761287552494 1806.0 8
1761287553061 1804.0 9
1761287553628 1804.0 10
1761287554184 1804.0 11
1761287554746 1704.0 12
1761287555320 1604.0 13
1761287555877 1604.0 14
1761287556436 1604.0 15
1761287557036 1604.0 16
1761287557592 1604.0 17
1761287558134 1604.0 18
1761287558679 1598.0 19
1761287559211 1598.0 20
1761287559767 1598.0 21
1761287560326 1598.0 22
1761287560861 1590.0 23
1761287561464 1590.0 24
1761287562004 1490.0 25
1761287562562 1490.0 26
1761287563096 1490.0 27
1761287563635 1490.0 28
1761287564174 1490.0 29
1761287564707 1490.0 30
1761287565251 1490.0 31
1761287565867 1490.0 32
1761287566413 1390.0 33
1761287566968 1390.0 34
1761287567528 1390.0 35
1761287568077 1390.0 36
1761287568632 1390.0 37
1761287569186 1390.0 38
1761287569735 1290.0 39
1761287570285 1290.0 40
1761287570894 1290.0 41
1761287571436 1190.0 42
1761287571994 1190.0 43
1761287572576 1190.0 44
1761287573133 1190.0 45
1761287573690 1190.0 46
1761287574251 1190.0 47
1761287574811 1190.0 48
1761287575430 1190.0 49
1761287576002 1190.0 50
1761287576564 1190.0 51
1761287577127 1190.0 52
1761287577690 1190.0 53
1761287578245 1190.0 54
1761287578800 1190.0 55
1761287579369 1190.0 56
1761287579985 1190.0 57
1761287580544 1092.0 58
1761287581117 1090.0 59
1761287581690 992.0 60
1761287582259 990.0 61
1761287582833 990.0 62
1761287583398 990.0 63
1761287583973 990.0 64
1761287584600 990.0 65
1761287585177 990.0 66
1761287585763 990.0 67
1761287586363 990.0 68
1761287586955 990.0 69
1761287587528 990.0 70
1761287588093 990.0 71
1761287588673 890.0 72
1761287589247 890.0 73
1761287589867 790.0 74
1761287590444 707.0 75
1761287591034 707.0 76
1761287591619 707.0 77
1761287592207 705.0 78
1761287592799 705.0 79
1761287593394 705.0 80
1761287593966 704.0 81
1761287594591 704.0 82
1761287595174 704.0 83
1761287595754 704.0 84
1761287596352 604.0 85
1761287596933 604.0 86
1761287597513 604.0 87
1761287598094 604.0 88
1761287598680 604.0 89
1761287599320 604.0 90
1761287599894 604.0 91
1761287600481 604.0 92
1761287601064 604.0 93
1761287601644 604.0 94
1761287602222 604.0 95
1761287602797 604.0 96
1761287603376 604.0 97
1761287603999 604.0 98
1761287604585 604.0 99
