1761273524766 2092.0 0
1761273525126 1778.0 1
1761273525480 1501.0 2
1761273525842 1094.0 3
1761273526220 994.0 4
1761273526587 892.0 5
1761273526953 798.0 6
1761273527328 798.0 7
1761273527704 698.0 8
1761273528144 698.0 9
1761273528524 690.0 10
1761273528918 684.0 11
1761273529299 684.0 12
1761273529697 684.0 13
1761273530081 584.0 14
1761273530475 584.0 15
1761273530865 582.0 16
1761273531248 582.0 17
1761273531701 573.0 18
1761273532089 573.0 19
1761273532482 573.0 20
1761273532871 573.0 21
1761273533257 573.0 22
1761273533636 479.0 23
1761273534020 479.0 24
1761273534414 479.0 25
1761273534814 479.0 26
1761273535262 479.0 27
1761273535649 479.0 28
1761273536047 479.0 29
1761273536432 479.0 30
1761273536824 479.0 31
1761273537211 472.0 32
1761273537592 472.0 33
1761273537967 472.0 34
1761273538341 467.0 35
1761273538720 467.0 36
1761273539162 467.0 37
1761273539537 461.0 38
1761273539912 461.0 39
1761273540292 461.0 40
1761273540678 461.0 41
1761273541058 461.0 42
1761273541437 461.0 43
1761273541825 461.0 44
1761273542203 461.0 45
1761273542641 461.0 46
1761273543028 461.0 47
1761273543412 461.0 48
1761273543790 461.0 49
1761273544177 454.0 50
1761273544557 454.0 51
1761273544939 454.0 52
1761273545317 454.0 53
1761273545699 454.0 54
1761273546073 454.0 55
1761273546511 446.0 56
1761273546885 444.0 57
1761273547253 444.0 58
1761273547621 444.0 59
1761273547985 444.0 60
1761273548344 444.0 61
1761273548705 444.0 62
1761273549075 444.0 63
1761273549434 444.0 64
1761273549852 444.0 65
1761273550213 444.0 66
1761273550565 444.0 67
1761273550930 444.0 68
1761273551286 438.0 69
1761273551644 438.0 70
1761273552012 438.0 71
1761273552380 438.0 72
1761273552749 438.0 73
1761273553111 338.0 74
1761273553532 338.0 75
1761273553890 338.0 76
1761273554250 338.0 77
1761273554613 338.0 78
1761273554976 336.0 79
1761273555331 336.0 80
1761273555701 336.0 81
1761273556062 336.0 82
1761273556432 336.0 83
1761273556847 336.0 84
1761273557212 336.0 85
1761273557578 336.0 86
1761273557938 336.0 87
1761273558299 336.0 88
1761273558661 336.0 89
1761273559021 336.0 90
1761273559382 336.0 91
1761273559741 336.0 92
1761273560161 336.0 93
1761273560531 336.0 94
1761273560894 336.0 95
1761273561251 336.0 96
1761273561612 336.0 97
1761273561971 336.0 98
1761273562328 336.0 99
