1761287196292 1495.0 0
1761287196591 1495.0 1
1761287196880 1284.0 2
1761287197171 1077.0 3
1761287197467 891.0 4
1761287197772 883.0 5
1761287198081 791.0 6
1761287198388 791.0 7
1761287198689 791.0 8
1761287198991 691.0 9
1761287199311 683.0 10
1761287199675 682.0 11
1761287199991 682.0 12
1761287200316 682.0 13
1761287200641 682.0 14
1761287200957 682.0 15
1761287201275 682.0 16
1761287201591 682.0 17
1761287201907 682.0 18
1761287202220 682.0 19
1761287202536 682.0 20
1761287202853 676.0 21
1761287203171 674.0 22
1761287203523 674.0 23
1761287203819 674.0 24
1761287204114 674.0 25
1761287204412 674.0 26
1761287204707 666.0 27
1761287205000 666.0 28
1761287205291 666.0 29
1761287205586 666.0 30
1761287205881 666.0 31
1761287206175 666.0 32
1761287206467 661.0 33
1761287206757 661.0 34
1761287207098 561.0 35
1761287207406 561.0 36
1761287207704 561.0 37
1761287208007 561.0 38
1761287208304 561.0 39
1761287208601 561.0 40
1761287208902 561.0 41
1761287209207 561.0 42
1761287209513 561.0 43
1761287209833 561.0 44
1761287210144 561.0 45
1761287210455 561.0 46
1761287210810 561.0 47
1761287211127 561.0 48
1761287211432 561.0 49
1761287211729 561.0 50
1761287212034 561.0 51
1761287212337 561.0 52
1761287212644 561.0 53
1761287212950 561.0 54
1761287213247 466.0 55
1761287213554 466.0 56
1761287213873 466.0 57
1761287214189 466.0 58
1761287214560 466.0 59
1761287214873 466.0 60
1761287215192 466.0 61
1761287215521 466.0 62
1761287215841 466.0 63
1761287216158 466.0 64
1761287216477 466.0 65
1761287216796 461.0 66
1761287217114 461.0 67
1761287217439 461.0 68
1761287217759 461.0 69
1761287218082 461.0 70
1761287218456 361.0 71
1761287218778 361.0 72
1761287219093 361.0 73
1761287219411 361.0 74
1761287219734 361.0 75
1761287220049 361.0 76
1761287220374 361.0 77
1761287220695 361.0 78
1761287221020 361.0 79
1761287221349 357.0 80
1761287221675 357.0 81
1761287221995 357.0 82
1761287222369 357.0 83
1761287222695 357.0 84
1761287223018 357.0 85
1761287223335 357.0 86
1761287223664 357.0 87
1761287223986 357.0 88
1761287224300 357.0 89
1761287224623 357.0 90
1761287224950 357.0 91
1761287225266 357.0 92
1761287225591 357.0 93
1761287225913 357.0 94
1761287226288 357.0 95
1761287226605 357.0 96
1761287226931 357.0 97
1761287227242 357.0 98
1761287227567 357.0 99
