1761208943783 1907.0 0
1761208944149 1907.0 1
1761208944452 1907.0 2
1761208944759 1907.0 3
1761208945067 1907.0 4
1761208945373 1907.0 5
1761208945677 1907.0 6
1761208945979 1907.0 7
1761208946283 1907.0 8
1761208946587 1907.0 9
1761208946894 1907.0 10
1761208947204 1907.0 11
1761208947510 1907.0 12
1761208947824 1907.0 13
1761208948130 1907.0 14
1761208948450 1907.0 15
1761208948766 1907.0 16
1761208949081 1907.0 17
1761208949398 1907.0 18
1761208949704 1907.0 19
1761208950012 1907.0 20
1761208950318 1907.0 21
1761208950629 1907.0 22
1761208950943 1907.0 23
1761208951259 1907.0 24
1761208951570 1907.0 25
1761208951883 1907.0 26
1761208952193 1907.0 27
1761208952504 1907.0 28
1761208952808 1907.0 29
1761208953115 1907.0 30
1761208953420 1907.0 31
1761208953730 1907.0 32
1761208954039 1907.0 33
1761208954357 1907.0 34
1761208954668 1907.0 35
1761208954985 1907.0 36
1761208955304 1907.0 37
1761208955609 1907.0 38
1761208955920 1907.0 39
1761208956226 1907.0 40
1761208956538 1907.0 41
1761208956849 1907.0 42
1761208957166 1907.0 43
1761208957473 1907.0 44
1761208957780 1907.0 45
1761208958085 1907.0 46
1761208958398 1907.0 47
1761208958704 1907.0 48
1761208959010 1907.0 49
1761208959318 1907.0 50
1761208959630 1907.0 51
1761208959943 1907.0 52
1761208960249 1907.0 53
1761208960559 1907.0 54
1761208960869 1907.0 55
1761208961177 1907.0 56
1761208961486 1907.0 57
1761208961837 1907.0 58
1761208962141 1907.0 59
1761208962455 1907.0 60
1761208962764 1907.0 61
1761208963078 1907.0 62
1761208963381 1907.0 63
1761208963692 1907.0 64
1761208963999 1907.0 65
1761208964305 1907.0 66
1761208964607 1907.0 67
1761208964911 1907.0 68
1761208965236 1907.0 69
1761208965553 1907.0 70
1761208965872 1907.0 71
1761208966187 1907.0 72
1761208966498 1907.0 73
1761208966809 1907.0 74
1761208967116 1907.0 75
1761208967426 1907.0 76
1761208967736 1907.0 77
1761208968044 1907.0 78
1761208968352 1907.0 79
1761208968659 1907.0 80
1761208968969 1907.0 81
1761208969278 1907.0 82
1761208969593 1907.0 83
1761208969899 1907.0 84
1761208970206 1907.0 85
1761208970514 1907.0 86
1761208970821 1907.0 87
1761208971135 1907.0 88
1761208971444 1907.0 89
1761208971751 1907.0 90
1761208972058 1907.0 91
1761208972370 1907.0 92
1761208972680 1907.0 93
1761208972997 1907.0 94
1761208973308 1907.0 95
1761208973619 1907.0 96
1761208973925 1907.0 97
1761208974234 1907.0 98
1761208974536 1907.0 99
