1761186436784 20494.0 0
1761186438806 20494.0 1
1761186440625 20494.0 2
1761186442470 20494.0 3
1761186444306 20494.0 4
1761186446157 20494.0 5
1761186447983 20494.0 6
1761186449817 20494.0 7
1761186451636 20494.0 8
1761186453453 20494.0 9
1761186455256 20494.0 10
1761186457132 20494.0 11
1761186458952 20494.0 12
1761186460765 20494.0 13
1761186462581 20494.0 14
1761186464396 20494.0 15
1761186466205 20494.0 16
1761186468035 20494.0 17
1761186469851 20494.0 18
1761186471685 20494.0 19
1761186473506 20494.0 20
1761186475325 20494.0 21
1761186477161 20494.0 22
1761186478999 20494.0 23
1761186480820 20494.0 24
1761186482661 20494.0 25
1761186484476 20494.0 26
1761186486269 20494.0 27
1761186488106 20494.0 28
1761186489908 20494.0 29
1761186491712 20494.0 30
1761186493531 20494.0 31
1761186495332 20494.0 32
1761186497150 20494.0 33
1761186498999 20494.0 34
1761186500807 20494.0 35
1761186502622 20494.0 36
1761186504411 20494.0 37
1761186506213 20494.0 38
1761186508023 20494.0 39
1761186509859 20494.0 40
1761186511670 20494.0 41
1761186513483 20494.0 42
1761186515283 20494.0 43
1761186517091 20494.0 44
1761186518917 20494.0 45
1761186520748 20494.0 46
1761186522562 20494.0 47
1761186524367 20494.0 48
1761186526164 20494.0 49
1761186527976 20494.0 50
1761186529790 20494.0 51
1761186531615 20494.0 52
1761186533423 20494.0 53
1761186535228 20494.0 54
1761186537032 20494.0 55
1761186538825 20494.0 56
1761186540654 20494.0 57
1761186542470 20494.0 58
1761186544274 20494.0 59
1761186546060 20494.0 60
1761186547867 20494.0 61
1761186549677 20494.0 62
1761186551537 20494.0 63
1761186553352 20494.0 64
1761186555173 20494.0 65
1761186556974 20494.0 66
1761186558771 20494.0 67
1761186560567 20494.0 68
1761186562383 20494.0 69
1761186564166 20494.0 70
1761186565954 20494.0 71
1761186567773 20494.0 72
1761186569568 20494.0 73
1761186571394 20494.0 74
1761186573235 20494.0 75
1761186575056 20494.0 76
1761186576857 20494.0 77
1761186578679 20494.0 78
1761186580497 20494.0 79
1761186582327 20494.0 80
1761186584169 20494.0 81
1761186585977 20494.0 82
1761186587787 20494.0 83
1761186589594 20494.0 84
1761186591401 20494.0 85
1761186593256 20494.0 86
1761186595069 20494.0 87
1761186596860 20494.0 88
1761186598654 20494.0 89
1761186600473 20494.0 90
1761186602270 20494.0 91
1761186604134 20494.0 92
1761186605924 20494.0 93
1761186607712 20494.0 94
1761186609515 20494.0 95
1761186611302 20494.0 96
1761186613130 20494.0 97
1761186614962 20494.0 98
1761186616763 20494.0 99
