1761207928111 1677.0 0
1761207928684 1677.0 1
1761207929255 1577.0 2
1761207929829 1577.0 3
1761207930403 1577.0 4
1761207930969 1577.0 5
1761207931530 1577.0 6
1761207932102 1577.0 7
1761207932692 1577.0 8
1761207933261 1471.0 9
1761207933839 1469.0 10
1761207934428 1469.0 11
1761207935001 1464.0 12
1761207935574 1259.0 13
1761207936147 1168.0 14
1761207936731 1168.0 15
1761207937332 1161.0 16
1761207937901 1161.0 17
1761207938467 1161.0 18
1761207939035 1061.0 19
1761207939609 1061.0 20
1761207940198 1061.0 21
1761207940763 1061.0 22
1761207941351 1003.0 23
1761207941927 961.0 24
1761207942516 961.0 25
1761207943119 961.0 26
1761207943698 959.0 27
1761207944268 859.0 28
1761207944840 859.0 29
1761207945428 859.0 30
1761207946006 859.0 31
1761207946607 859.0 32
1761207947192 859.0 33
1761207947763 859.0 34
1761207948351 859.0 35
1761207948941 859.0 36
1761207949537 859.0 37
1761207950112 859.0 38
1761207950720 789.0 39
1761207951321 789.0 40
1761207951926 689.0 41
1761207952539 689.0 42
1761207953156 689.0 43
1761207953771 689.0 44
1761207954387 689.0 45
1761207954976 689.0 46
1761207955581 689.0 47
1761207956170 689.0 48
1761207956744 689.0 49
1761207957340 672.0 50
1761207957937 672.0 51
1761207958529 672.0 52
1761207959114 672.0 53
1761207959708 672.0 54
1761207960303 672.0 55
1761207960911 672.0 56
1761207961503 672.0 57
1761207962100 672.0 58
1761207962707 672.0 59
1761207963310 577.0 60
1761207963914 577.0 61
1761207964539 577.0 62
1761207965141 577.0 63
1761207965748 577.0 64
1761207966344 477.0 65
1761207966937 477.0 66
1761207967547 477.0 67
1761207968153 477.0 68
1761207968798 477.0 69
1761207969412 477.0 70
1761207970010 477.0 71
1761207970600 477.0 72
1761207971205 477.0 73
1761207971816 477.0 74
1761207972430 477.0 75
1761207973038 477.0 76
1761207973678 477.0 77
1761207974295 477.0 78
1761207974902 477.0 79
1761207975509 477.0 80
1761207976128 477.0 81
1761207976746 477.0 82
1761207977343 477.0 83
1761207977947 477.0 84
1761207978539 477.0 85
1761207979144 477.0 86
1761207979721 477.0 87
1761207980325 477.0 88
1761207980926 477.0 89
1761207981512 477.0 90
1761207982096 477.0 91
1761207982683 477.0 92
1761207983282 477.0 93
1761207983894 477.0 94
1761207984518 477.0 95
1761207985138 477.0 96
1761207985751 477.0 97
1761207986345 477.0 98
1761207986942 477.0 99
