1761269180759 1981.0 0
1761269181368 1881.0 1
1761269181972 1781.0 2
1761269182579 1681.0 3
1761269183190 1681.0 4
1761269183796 1681.0 5
1761269184402 1681.0 6
1761269185026 1681.0 7
1761269185645 1681.0 8
1761269186269 1581.0 9
1761269186894 1581.0 10
1761269187511 1579.0 11
1761269188111 1579.0 12
1761269188702 1579.0 13
1761269189316 1479.0 14
1761269189915 1479.0 15
1761269190553 1479.0 16
1761269191143 1379.0 17
1761269191740 1279.0 18
1761269192338 1279.0 19
1761269192956 1279.0 20
1761269193574 1279.0 21
1761269194180 1279.0 22
1761269194774 1279.0 23
1761269195373 1279.0 24
1761269195993 1279.0 25
1761269196614 1279.0 26
1761269197252 1279.0 27
1761269197852 1279.0 28
1761269198477 1279.0 29
1761269199080 1279.0 30
1761269199700 1279.0 31
1761269200320 1279.0 32
1761269200943 1279.0 33
1761269201561 1249.0 34
1761269202174 1249.0 35
1761269202792 1249.0 36
1761269203388 1249.0 37
1761269203986 1249.0 38
1761269204595 1249.0 39
1761269205215 1249.0 40
1761269205815 1249.0 41
1761269206414 1249.0 42
1761269207013 1155.0 43
1761269207606 1155.0 44
1761269208199 1155.0 45
1761269208811 1155.0 46
1761269209419 1055.0 47
1761269210033 1055.0 48
1761269210636 1049.0 49
1761269211232 1049.0 50
1761269211834 1049.0 51
1761269212433 1049.0 52
1761269213027 949.0 53
1761269213627 949.0 54
1761269214216 949.0 55
1761269214821 949.0 56
1761269215399 849.0 57
1761269215988 849.0 58
1761269216596 849.0 59
1761269217213 849.0 60
1761269217824 849.0 61
1761269218434 849.0 62
1761269219033 849.0 63
1761269219627 749.0 64
1761269220216 749.0 65
1761269220806 749.0 66
1761269221402 749.0 67
1761269222010 749.0 68
1761269222601 749.0 69
1761269223199 749.0 70
1761269223804 749.0 71
1761269224389 749.0 72
1761269225037 749.0 73
1761269225644 749.0 74
1761269226253 749.0 75
1761269226870 749.0 76
1761269227478 749.0 77
1761269228088 749.0 78
1761269228696 749.0 79
1761269229313 749.0 80
1761269229908 749.0 81
1761269230506 749.0 82
1761269231116 749.0 83
1761269231712 749.0 84
1761269232303 749.0 85
1761269232892 749.0 86
1761269233488 749.0 87
1761269234088 749.0 88
1761269234681 749.0 89
1761269235285 749.0 90
1761269235894 749.0 91
1761269236491 749.0 92
1761269237094 749.0 93
1761269237684 749.0 94
1761269238304 749.0 95
1761269238925 749.0 96
1761269239509 749.0 97
1761269240093 744.0 98
1761269240667 744.0 99
