1761210498080 1962.0 0
1761210498678 1862.0 1
1761210499276 1862.0 2
1761210499890 1862.0 3
1761210500483 1760.0 4
1761210501090 1760.0 5
1761210501683 1760.0 6
1761210502284 1760.0 7
1761210502894 1759.0 8
1761210503490 1683.0 9
1761210504093 1683.0 10
1761210504712 1683.0 11
1761210505325 1683.0 12
1761210505933 1654.0 13
1761210506542 1654.0 14
1761210507146 1648.0 15
1761210507765 1548.0 16
1761210508365 1548.0 17
1761210508964 1548.0 18
1761210509581 1448.0 19
1761210510200 1348.0 20
1761210510819 1343.0 21
1761210511422 1343.0 22
1761210512048 1343.0 23
1761210512655 1343.0 24
1761210513273 1343.0 25
1761210513880 1143.0 26
1761210514497 1143.0 27
1761210515106 1143.0 28
1761210515707 1043.0 29
1761210516307 1043.0 30
1761210516930 943.0 31
1761210517571 943.0 32
1761210518191 943.0 33
1761210518801 943.0 34
1761210519405 943.0 35
1761210520021 943.0 36
1761210520635 943.0 37
1761210521255 943.0 38
1761210521868 943.0 39
1761210522489 943.0 40
1761210523096 943.0 41
1761210523714 943.0 42
1761210524337 943.0 43
1761210524960 943.0 44
1761210525561 943.0 45
1761210526172 943.0 46
1761210526787 943.0 47
1761210527415 943.0 48
1761210528056 943.0 49
1761210528671 943.0 50
1761210529289 943.0 51
1761210529975 943.0 52
1761210530590 943.0 53
1761210531205 943.0 54
1761210531837 943.0 55
1761210532440 943.0 56
1761210533047 943.0 57
1761210533679 943.0 58
1761210534303 943.0 59
1761210534917 943.0 60
1761210535549 943.0 61
1761210536181 943.0 62
1761210536795 943.0 63
1761210537433 938.0 64
1761210538064 938.0 65
1761210538707 938.0 66
1761210539325 938.0 67
1761210539932 938.0 68
1761210540537 938.0 69
1761210541161 938.0 70
1761210541771 938.0 71
1761210542412 938.0 72
1761210543027 938.0 73
1761210543636 938.0 74
1761210544269 938.0 75
1761210544890 938.0 76
1761210545503 938.0 77
1761210546124 938.0 78
1761210546731 938.0 79
1761210547326 938.0 80
1761210547936 938.0 81
1761210548533 938.0 82
1761210549152 938.0 83
1761210549772 938.0 84
1761210550390 938.0 85
1761210551026 850.0 86
1761210551630 850.0 87
1761210552230 850.0 88
1761210552854 850.0 89
1761210553454 850.0 90
1761210554055 850.0 91
1761210554658 850.0 92
1761210555260 850.0 93
1761210555850 850.0 94
1761210556463 850.0 95
1761210557056 850.0 96
1761210557672 850.0 97
1761210558295 850.0 98
1761210558905 850.0 99
