1761274816250 2169.0 0
1761274816847 2169.0 1
1761274817459 2169.0 2
1761274818084 1881.0 3
1761274818685 1881.0 4
1761274819300 1881.0 5
1761274819908 1881.0 6
1761274820517 1881.0 7
1761274821144 1881.0 8
1761274821767 1881.0 9
1761274822388 1876.0 10
1761274823004 1876.0 11
1761274823617 1776.0 12
1761274824232 1776.0 13
1761274824844 1776.0 14
1761274825465 1776.0 15
1761274826079 1676.0 16
1761274826693 1676.0 17
1761274827295 1676.0 18
1761274827907 1586.0 19
1761274828537 1586.0 20
1761274829148 1486.0 21
1761274829770 1486.0 22
1761274830391 1392.0 23
1761274831015 1392.0 24
1761274831613 1392.0 25
1761274832213 1392.0 26
1761274832814 1392.0 27
1761274833432 1392.0 28
1761274834042 1392.0 29
1761274834652 1383.0 30
1761274835255 1383.0 31
1761274835870 1383.0 32
1761274836486 1377.0 33
1761274837101 1377.0 34
1761274837716 1377.0 35
1761274838339 1377.0 36
1761274838955 1377.0 37
1761274839570 1377.0 38
1761274840200 1364.0 39
1761274840822 1364.0 40
1761274841454 1364.0 41
1761274842087 1364.0 42
1761274842703 1356.0 43
1761274843321 1356.0 44
1761274843930 1356.0 45
1761274844540 1356.0 46
1761274845161 1356.0 47
1761274845769 1356.0 48
1761274846377 1356.0 49
1761274846990 1356.0 50
1761274847672 1256.0 51
1761274848285 1256.0 52
1761274848910 1175.0 53
1761274849533 982.0 54
1761274850161 982.0 55
1761274850788 982.0 56
1761274851407 982.0 57
1761274852026 982.0 58
1761274852625 982.0 59
1761274853245 980.0 60
1761274853855 980.0 61
1761274854461 880.0 62
1761274855075 880.0 63
1761274855688 880.0 64
1761274856288 872.0 65
1761274856891 872.0 66
1761274857500 872.0 67
1761274858101 772.0 68
1761274858715 772.0 69
1761274859317 772.0 70
1761274859940 772.0 71
1761274860542 772.0 72
1761274861133 772.0 73
1761274861723 772.0 74
1761274862335 765.0 75
1761274862967 765.0 76
1761274863569 756.0 77
1761274864182 756.0 78
1761274864776 756.0 79
1761274865388 749.0 80
1761274865998 649.0 81
1761274866595 649.0 82
1761274867186 649.0 83
1761274867790 649.0 84
1761274868381 649.0 85
1761274869001 649.0 86
1761274869610 649.0 87
1761274870232 649.0 88
1761274870838 649.0 89
1761274871450 649.0 90
1761274872060 649.0 91
1761274872684 649.0 92
1761274873306 649.0 93
1761274873915 649.0 94
1761274874516 649.0 95
1761274875126 649.0 96
1761274875750 649.0 97
1761274876356 649.0 98
1761274876991 649.0 99
