1772025165662 3310.0 0
1772025166746 2851.0 1
1772025167871 2449.0 2
1772025169113 2031.0 3
1772025170201 1838.0 4
1772025171464 1639.0 5
1772025172514 1539.0 6
1772025173525 1539.0 7
1772025174690 1539.0 8
1772025175846 1531.0 9
1772025176939 1433.0 10
1772025177952 1433.0 11
1772025178972 1433.0 12
1772025180065 1427.0 13
1772025181144 1427.0 14
1772025182121 1427.0 15
1772025183182 1425.0 16
1772025184146 1418.0 17
1772025185139 1318.0 18
1772025186185 1220.0 19
1772025187183 1212.0 20
1772025188239 1210.0 21
1772025189145 1210.0 22
1772025190089 1210.0 23
1772025191151 1208.0 24
1772025192168 1208.0 25
1772025193085 1201.0 26
1772025194090 1201.0 27
1772025194983 1201.0 28
1772025196005 1201.0 29
1772025196961 1201.0 30
1772025197859 1101.0 31
1772025198897 1093.0 32
1772025199774 1093.0 33
1772025200651 1093.0 34
1772025201646 1093.0 35
1772025202531 1093.0 36
1772025203533 1093.0 37
1772025204398 1001.0 38
1772025205298 1001.0 39
1772025206316 1001.0 40
1772025207347 1001.0 41
1772025208275 1001.0 42
1772025209272 1001.0 43
1772025210156 1001.0 44
1772025211048 1001.0 45
1772025212094 1001.0 46
1772025213015 999.0 47
1772025214040 999.0 48
1772025214962 999.0 49
1772025215878 999.0 50
1772025216900 899.0 51
1772025217894 899.0 52
1772025218895 899.0 53
1772025219932 899.0 54
1772025220867 899.0 55
1772025221915 899.0 56
1772025222884 899.0 57
1772025223850 806.0 58
1772025224930 806.0 59
1772025225900 806.0 60
1772025226860 806.0 61
1772025227943 806.0 62
1772025228954 806.0 63
1772025230021 806.0 64
1772025230973 804.0 65
1772025231960 804.0 66
1772025233075 797.0 67
1772025234040 797.0 68
1772025234962 797.0 69
1772025235986 797.0 70
1772025236931 797.0 71
1772025238036 797.0 72
1772025238978 797.0 73
1772025240011 797.0 74
1772025241076 797.0 75
1772025242045 797.0 76
1772025242998 797.0 77
1772025244053 797.0 78
1772025245002 797.0 79
1772025245955 797.0 80
1772025246978 797.0 81
1772025247938 790.0 82
1772025249136 790.0 83
1772025250087 690.0 84
1772025251015 690.0 85
1772025252065 590.0 86
1772025253034 590.0 87
1772025254031 590.0 88
1772025255115 590.0 89
1772025256098 590.0 90
1772025257221 584.0 91
1772025258276 584.0 92
1772025259250 584.0 93
1772025260290 584.0 94
1772025261224 584.0 95
1772025262167 584.0 96
1772025263203 584.0 97
1772025264169 584.0 98
1772025265336 584.0 99
