1761186631552 20619.0 0
1761186650165 20619.0 1
1761186669225 20619.0 2
1761186689048 20619.0 3
1761186709467 20619.0 4
1761186731251 20619.0 5
1761186753180 20619.0 6
1761186775573 20619.0 7
1761186798035 20619.0 8
1761186820697 20619.0 9
1761186843302 19986.0 10
1761186866261 19986.0 11
1761186889437 19986.0 12
1761186912590 19986.0 13
1761186936015 19986.0 14
1761186959381 19986.0 15
1761186982987 19986.0 16
1761187006836 19986.0 17
1761187030800 19986.0 18
1761187055277 19986.0 19
1761187079600 19986.0 20
1761187103933 19986.0 21
1761187128095 19986.0 22
1761187152483 19986.0 23
1761187176865 19986.0 24
1761187201304 19986.0 25
1761187225796 19986.0 26
1761187250300 19986.0 27
1761187274546 19986.0 28
1761187300878 19986.0 29
1761187325382 19986.0 30
1761187349774 19986.0 31
1761187373625 19986.0 32
1761187397619 19986.0 33
1761187421640 19986.0 34
1761187445537 19986.0 35
1761187469545 19986.0 36
1761187493667 19986.0 37
1761187517639 19986.0 38
1761187541611 19986.0 39
1761187565922 19986.0 40
1761187590388 19986.0 41
1761187614938 19986.0 42
1761187639428 19986.0 43
1761187663835 19986.0 44
1761187688754 19986.0 45
1761187713389 19986.0 46
1761187737882 19986.0 47
1761187762357 19986.0 48
1761187786788 19986.0 49
1761187811272 19986.0 50
1761187835665 19986.0 51
1761187859985 19986.0 52
1761187884386 19986.0 53
1761187908825 19986.0 54
1761187933367 19986.0 55
1761187957776 19986.0 56
1761187982207 19986.0 57
1761188006674 19986.0 58
1761188031456 19986.0 59
1761188055830 19986.0 60
1761188080453 19986.0 61
1761188104863 19986.0 62
1761188129244 19986.0 63
1761188153651 19986.0 64
1761188178041 19986.0 65
1761188202483 19986.0 66
1761188226873 19986.0 67
1761188251332 19986.0 68
1761188275740 19986.0 69
1761188300137 19986.0 70
1761188324430 19986.0 71
1761188348792 19986.0 72
1761188373109 19986.0 73
1761188397600 19986.0 74
1761188422088 19986.0 75
1761188446301 19986.0 76
1761188470657 19986.0 77
1761188494990 19986.0 78
1761188519455 19986.0 79
1761188543765 19986.0 80
1761188568148 19986.0 81
1761188592385 19986.0 82
1761188616815 19986.0 83
1761188641293 19986.0 84
1761188665908 19986.0 85
1761188690310 19986.0 86
1761188714657 19986.0 87
1761188739161 19986.0 88
1761188763429 19986.0 89
1761188787665 19986.0 90
1761188812194 19986.0 91
1761188836329 19986.0 92
1761188860637 19986.0 93
1761188886121 19986.0 94
1761188911489 19986.0 95
1761188935954 19986.0 96
1761188960129 19986.0 97
1761188985108 19986.0 98
1761189008550 19986.0 99
