1771760698316 3244.0 0
1771760699776 2438.0 1
1771760701140 1947.0 2
1771760702561 1855.0 3
1771760704121 1761.0 4
1771760705630 1654.0 5
1771760707142 1560.0 6
1771760708770 1549.0 7
1771760710290 1542.0 8
1771760711989 1540.0 9
1771760713456 1440.0 10
1771760714942 1340.0 11
1771760716643 1240.0 12
1771760718202 1145.0 13
1771760719789 1145.0 14
1771760721437 1143.0 15
1771760722951 1143.0 16
1771760725148 1141.0 17
1771760727449 1135.0 18
1771760729274 1035.0 19
1771760731105 1033.0 20
1771760732939 1033.0 21
1771760734738 1033.0 22
1771760736519 1033.0 23
1771760738428 1033.0 24
1771760740157 1025.0 25
1771760742441 933.0 26
1771760744192 925.0 27
1771760746011 923.0 28
1771760747757 923.0 29
1771760749441 923.0 30
1771760751125 923.0 31
1771760752754 923.0 32
1771760754286 823.0 33
1771760755889 823.0 34
1771760757380 823.0 35
1771760759007 823.0 36
1771760760517 823.0 37
1771760761976 823.0 38
1771760763554 821.0 39
1771760765007 821.0 40
1771760766488 821.0 41
1771760768176 721.0 42
1771760769687 721.0 43
1771760771274 721.0 44
1771760772731 721.0 45
1771760774247 721.0 46
1771760775859 721.0 47
1771760777328 621.0 48
1771760778831 605.0 49
1771760780389 603.0 50
1771760781813 598.0 51
1771760783464 598.0 52
1771760785686 598.0 53
1771760787680 593.0 54
1771760789419 593.0 55
1771760790981 593.0 56
1771760792664 593.0 57
1771760794530 593.0 58
1771760796175 593.0 59
1771760797899 593.0 60
1771760799759 593.0 61
1771760801422 593.0 62
1771760803214 593.0 63
1771760804726 593.0 64
1771760806166 593.0 65
1771760807690 593.0 66
1771760809156 593.0 67
1771760810566 593.0 68
1771760812119 593.0 69
1771760813536 593.0 70
1771760815135 593.0 71
1771760816594 593.0 72
1771760817973 593.0 73
1771760819504 588.0 74
1771760820925 580.0 75
1771760822352 580.0 76
1771760823870 580.0 77
1771760825223 580.0 78
1771760826599 580.0 79
1771760828098 580.0 80
1771760829550 580.0 81
1771760831045 580.0 82
1771760832412 580.0 83
1771760833758 580.0 84
1771760835242 580.0 85
1771760836669 580.0 86
1771760838059 580.0 87
1771760839916 580.0 88
1771760841188 580.0 89
1771760842567 580.0 90
1771760843854 580.0 91
1771760845208 580.0 92
1771760846607 480.0 93
1771760847919 480.0 94
1771760849214 480.0 95
1771760850651 480.0 96
1771760851970 480.0 97
1771760853295 480.0 98
1771760854716 480.0 99
