1771816054655 3119.0 0
1771816056077 3119.0 1
1771816057399 3119.0 2
1771816058728 3119.0 3
1771816060224 3119.0 4
1771816061455 3119.0 5
1771816062671 3119.0 6
1771816064032 3119.0 7
1771816065223 3119.0 8
1771816066504 3119.0 9
1771816067818 3119.0 10
1771816069194 3119.0 11
1771816070515 3119.0 12
1771816071796 3119.0 13
1771816072998 3119.0 14
1771816074196 3119.0 15
1771816075359 3119.0 16
1771816076726 3119.0 17
1771816077928 3119.0 18
1771816079173 3119.0 19
1771816080388 3119.0 20
1771816081707 3119.0 21
1771816082912 3119.0 22
1771816084100 3119.0 23
1771816085293 3119.0 24
1771816086572 3119.0 25
1771816087829 3119.0 26
1771816089040 3119.0 27
1771816090226 3119.0 28
1771816091406 3119.0 29
1771816092644 3119.0 30
1771816093874 3119.0 31
1771816095059 3119.0 32
1771816096256 3119.0 33
1771816097521 3119.0 34
1771816098726 3119.0 35
1771816099931 3119.0 36
1771816101105 3119.0 37
1771816102336 3119.0 38
1771816103523 3119.0 39
1771816104752 3119.0 40
1771816105929 3119.0 41
1771816107095 3119.0 42
1771816108285 3119.0 43
1771816109533 3119.0 44
1771816110749 3119.0 45
1771816111915 3119.0 46
1771816113165 3119.0 47
1771816114337 3119.0 48
1771816115635 3119.0 49
1771816116828 3119.0 50
1771816118060 3119.0 51
1771816119273 3119.0 52
1771816120506 3119.0 53
1771816121699 3119.0 54
1771816122921 3119.0 55
1771816124086 3119.0 56
1771816125275 3119.0 57
1771816126425 3119.0 58
1771816127607 3119.0 59
1771816128846 3119.0 60
1771816130132 3119.0 61
1771816131328 3119.0 62
1771816132537 3119.0 63
1771816133732 3119.0 64
1771816134969 3119.0 65
1771816136129 3119.0 66
1771816137322 3119.0 67
1771816138517 3119.0 68
1771816139785 3119.0 69
1771816141007 3119.0 70
1771816142167 3119.0 71
1771816143369 3119.0 72
1771816144657 3119.0 73
1771816145845 3119.0 74
1771816147044 3119.0 75
1771816148238 3119.0 76
1771816149536 3119.0 77
1771816150716 3119.0 78
1771816151907 3119.0 79
1771816153100 3119.0 80
1771816154429 3119.0 81
1771816155622 3119.0 82
1771816156808 3119.0 83
1771816157987 3119.0 84
1771816159268 3119.0 85
1771816160518 3119.0 86
1771816161710 3119.0 87
1771816162937 3119.0 88
1771816164264 3119.0 89
1771816165495 3119.0 90
1771816166688 3119.0 91
1771816167847 3119.0 92
1771816169143 3119.0 93
1771816170388 3119.0 94
1771816171583 3119.0 95
1771816172803 3119.0 96
1771816174000 3119.0 97
1771816175349 3119.0 98
1771816176565 3119.0 99
