1761205993933 3333.0 0
1761205994372 2830.0 1
1761205994792 2629.0 2
1761205995225 2338.0 3
1761205995652 2229.0 4
1761205996062 2134.0 5
1761205996483 2034.0 6
1761205996962 2032.0 7
1761205997396 2032.0 8
1761205997824 1932.0 9
1761205998255 1832.0 10
1761205998675 1732.0 11
1761205999094 1732.0 12
1761205999523 1730.0 13
1761205999951 1725.0 14
1761206000423 1725.0 15
1761206000829 1725.0 16
1761206001240 1725.0 17
1761206001653 1723.0 18
1761206002058 1711.0 19
1761206002460 1705.0 20
1761206002860 1705.0 21
1761206003261 1705.0 22
1761206003657 1605.0 23
1761206004102 1597.0 24
1761206004499 1597.0 25
1761206004887 1497.0 26
1761206005285 1397.0 27
1761206005687 1397.0 28
1761206006091 1397.0 29
1761206006500 1297.0 30
1761206006907 1197.0 31
1761206007366 1097.0 32
1761206007784 1097.0 33
1761206008204 1097.0 34
1761206008614 1097.0 35
1761206009025 1095.0 36
1761206009434 1095.0 37
1761206009850 1095.0 38
1761206010266 995.0 39
1761206010719 995.0 40
1761206011134 995.0 41
1761206011554 995.0 42
1761206011970 995.0 43
1761206012369 995.0 44
1761206012776 903.0 45
1761206013191 903.0 46
1761206013614 903.0 47
1761206014089 897.0 48
1761206014510 897.0 49
1761206014924 897.0 50
1761206015346 897.0 51
1761206015764 897.0 52
1761206016173 897.0 53
1761206016589 897.0 54
1761206017019 897.0 55
1761206017430 897.0 56
1761206017907 897.0 57
1761206018323 897.0 58
1761206018746 797.0 59
1761206019156 797.0 60
1761206019569 797.0 61
1761206019987 797.0 62
1761206020405 797.0 63
1761206020817 797.0 64
1761206021278 695.0 65
1761206021705 695.0 66
1761206022126 695.0 67
1761206022544 695.0 68
1761206022958 595.0 69
1761206023371 595.0 70
1761206023783 589.0 71
1761206024199 589.0 72
1761206024653 589.0 73
1761206025070 589.0 74
1761206025479 489.0 75
1761206025900 489.0 76
1761206026311 489.0 77
1761206026715 489.0 78
1761206027126 489.0 79
1761206027548 489.0 80
1761206028019 489.0 81
1761206028452 489.0 82
1761206028878 489.0 83
1761206029287 489.0 84
1761206029715 489.0 85
1761206030127 489.0 86
1761206030546 489.0 87
1761206030949 489.0 88
1761206031357 489.0 89
1761206031822 489.0 90
1761206032229 389.0 91
1761206032651 389.0 92
1761206033066 389.0 93
1761206033474 389.0 94
1761206033895 389.0 95
1761206034312 389.0 96
1761206034731 389.0 97
1761206035217 389.0 98
1761206035627 389.0 99
