1761203936047 1871.0 0
1761203936397 1871.0 1
1761203936675 1871.0 2
1761203936953 1871.0 3
1761203937231 1871.0 4
1761203937514 1871.0 5
1761203937798 1871.0 6
1761203938078 1871.0 7
1761203938361 1871.0 8
1761203938639 1871.0 9
1761203938918 1871.0 10
1761203939193 1871.0 11
1761203939469 1871.0 12
1761203939747 1871.0 13
1761203940026 1871.0 14
1761203940302 1871.0 15
1761203940581 1871.0 16
1761203940862 1871.0 17
1761203941139 1871.0 18
1761203941419 1871.0 19
1761203941703 1871.0 20
1761203941986 1871.0 21
1761203942267 1871.0 22
1761203942550 1871.0 23
1761203942836 1871.0 24
1761203943114 1871.0 25
1761203943397 1871.0 26
1761203943674 1871.0 27
1761203943954 1871.0 28
1761203944230 1871.0 29
1761203944507 1871.0 30
1761203944788 1871.0 31
1761203945067 1871.0 32
1761203945347 1871.0 33
1761203945633 1871.0 34
1761203945927 1871.0 35
1761203946212 1871.0 36
1761203946504 1871.0 37
1761203946778 1871.0 38
1761203947065 1871.0 39
1761203947344 1871.0 40
1761203947624 1871.0 41
1761203947907 1871.0 42
1761203948183 1871.0 43
1761203948455 1871.0 44
1761203948732 1871.0 45
1761203949013 1871.0 46
1761203949291 1871.0 47
1761203949569 1871.0 48
1761203949847 1871.0 49
1761203950129 1871.0 50
1761203950409 1871.0 51
1761203950688 1871.0 52
1761203950971 1871.0 53
1761203951253 1871.0 54
1761203951537 1871.0 55
1761203951816 1871.0 56
1761203952095 1871.0 57
1761203952373 1871.0 58
1761203952657 1871.0 59
1761203952937 1871.0 60
1761203953220 1871.0 61
1761203953498 1871.0 62
1761203953782 1871.0 63
1761203954064 1871.0 64
1761203954346 1871.0 65
1761203954628 1871.0 66
1761203954910 1871.0 67
1761203955190 1871.0 68
1761203955468 1871.0 69
1761203955746 1871.0 70
1761203956026 1871.0 71
1761203956317 1871.0 72
1761203956602 1871.0 73
1761203956891 1871.0 74
1761203957171 1871.0 75
1761203957459 1871.0 76
1761203957740 1871.0 77
1761203958020 1871.0 78
1761203958298 1871.0 79
1761203958583 1871.0 80
1761203958863 1871.0 81
1761203959143 1871.0 82
1761203959430 1871.0 83
1761203959715 1871.0 84
1761203959997 1871.0 85
1761203960277 1871.0 86
1761203960559 1871.0 87
1761203960838 1871.0 88
1761203961116 1871.0 89
1761203961401 1871.0 90
1761203961684 1871.0 91
1761203961968 1871.0 92
1761203962250 1871.0 93
1761203962531 1871.0 94
1761203962811 1871.0 95
1761203963095 1871.0 96
1761203963377 1871.0 97
1761203963660 1871.0 98
1761203963939 1871.0 99
