1772024928716 3137.0 0
1772024931019 3137.0 1
1772024933379 3137.0 2
1772024935649 3135.0 3
1772024938084 3027.0 4
1772024940335 3027.0 5
1772024942729 3027.0 6
1772024945156 3027.0 7
1772024947534 2950.0 8
1772024949870 2950.0 9
1772024952227 2727.0 10
1772024954575 2727.0 11
1772024956804 2727.0 12
1772024959155 2727.0 13
1772024961623 2627.0 14
1772024963987 2627.0 15
1772024966329 2627.0 16
1772024968699 2627.0 17
1772024971150 2627.0 18
1772024973546 2627.0 19
1772024975877 2627.0 20
1772024978337 2527.0 21
1772024980673 2527.0 22
1772024983029 2527.0 23
1772024985353 2527.0 24
1772024987753 2527.0 25
1772024990096 2527.0 26
1772024992393 2527.0 27
1772024994797 2527.0 28
1772024997204 2525.0 29
1772024999550 2525.0 30
1772025001926 2427.0 31
1772025004335 2427.0 32
1772025006822 2427.0 33
1772025009146 2350.0 34
1772025011490 2350.0 35
1772025013892 2350.0 36
1772025016436 2350.0 37
1772025018820 2259.0 38
1772025021263 2250.0 39
1772025023616 2250.0 40
1772025026039 2234.0 41
1772025028452 2234.0 42
1772025030925 2150.0 43
1772025033330 2144.0 44
1772025035768 2144.0 45
1772025038275 2144.0 46
1772025040762 2034.0 47
1772025043122 2034.0 48
1772025045523 2034.0 49
1772025047947 2034.0 50
1772025050358 1934.0 51
1772025052609 1842.0 52
1772025054949 1842.0 53
1772025057485 1842.0 54
1772025059834 1842.0 55
1772025062252 1840.0 56
1772025064679 1840.0 57
1772025067047 1640.0 58
1772025069427 1640.0 59
1772025071928 1640.0 60
1772025074349 1640.0 61
1772025076782 1640.0 62
1772025079180 1540.0 63
1772025081715 1540.0 64
1772025084120 1540.0 65
1772025086570 1423.0 66
1772025089062 1423.0 67
1772025091402 1421.0 68
1772025093721 1340.0 69
1772025096167 1240.0 70
1772025098690 1148.0 71
1772025101155 1148.0 72
1772025103504 1148.0 73
1772025105878 1056.0 74
1772025108314 1056.0 75
1772025110805 1054.0 76
1772025113155 1054.0 77
1772025115528 1054.0 78
1772025117831 1054.0 79
1772025120261 1054.0 80
1772025122663 1039.0 81
1772025125022 1039.0 82
1772025127357 1039.0 83
1772025129651 1030.0 84
1772025132116 1030.0 85
1772025134444 1030.0 86
1772025136738 1030.0 87
1772025139061 1030.0 88
1772025141448 1030.0 89
1772025143706 1030.0 90
1772025146080 1030.0 91
1772025148383 1030.0 92
1772025150554 1030.0 93
1772025152763 1030.0 94
1772025155097 1030.0 95
1772025157453 1030.0 96
1772025159728 1030.0 97
1772025161985 1030.0 98
1772025164293 1030.0 99
