1761289343288 2072.0 0
1761289343599 2072.0 1
1761289343835 2072.0 2
1761289344072 2072.0 3
1761289344307 2072.0 4
1761289344543 2072.0 5
1761289344786 2072.0 6
1761289345025 2072.0 7
1761289345271 2072.0 8
1761289345507 2072.0 9
1761289345743 2072.0 10
1761289345974 2072.0 11
1761289346207 2072.0 12
1761289346436 2072.0 13
1761289346668 2072.0 14
1761289346908 2072.0 15
1761289347146 2072.0 16
1761289347383 2072.0 17
1761289347621 2072.0 18
1761289347862 2072.0 19
1761289348100 2072.0 20
1761289348335 2072.0 21
1761289348570 2072.0 22
1761289348807 2072.0 23
1761289349046 2072.0 24
1761289349286 2072.0 25
1761289349519 2072.0 26
1761289349755 2072.0 27
1761289349994 2072.0 28
1761289350232 2072.0 29
1761289350471 2072.0 30
1761289350708 2072.0 31
1761289350948 2072.0 32
1761289351182 2072.0 33
1761289351420 2072.0 34
1761289351658 2072.0 35
1761289351895 2072.0 36
1761289352131 2072.0 37
1761289352367 2072.0 38
1761289352604 2072.0 39
1761289352846 2072.0 40
1761289353083 2072.0 41
1761289353326 2072.0 42
1761289353567 2072.0 43
1761289353814 2072.0 44
1761289354049 2072.0 45
1761289354285 2072.0 46
1761289354522 2072.0 47
1761289354762 2072.0 48
1761289355000 2072.0 49
1761289355238 2072.0 50
1761289355474 2072.0 51
1761289355709 2072.0 52
1761289355944 2072.0 53
1761289356185 2072.0 54
1761289356424 2072.0 55
1761289356659 2072.0 56
1761289356899 2072.0 57
1761289357135 2072.0 58
1761289357374 2072.0 59
1761289357610 2072.0 60
1761289357846 2072.0 61
1761289358083 2072.0 62
1761289358327 2072.0 63
1761289358565 2072.0 64
1761289358802 2072.0 65
1761289359038 2072.0 66
1761289359283 2072.0 67
1761289359528 2072.0 68
1761289359767 2072.0 69
1761289360008 2072.0 70
1761289360244 2072.0 71
1761289360481 2072.0 72
1761289360718 2072.0 73
1761289360962 2072.0 74
1761289361204 2072.0 75
1761289361448 2072.0 76
1761289361687 2072.0 77
1761289361921 2072.0 78
1761289362157 2072.0 79
1761289362397 2072.0 80
1761289362634 2072.0 81
1761289362875 2072.0 82
1761289363115 2072.0 83
1761289363358 2072.0 84
1761289363595 2072.0 85
1761289363841 2072.0 86
1761289364094 2072.0 87
1761289364328 2072.0 88
1761289364566 2072.0 89
1761289364805 2072.0 90
1761289365045 2072.0 91
1761289365285 2072.0 92
1761289365530 2072.0 93
1761289365770 2072.0 94
1761289366009 2072.0 95
1761289366246 2072.0 96
1761289366492 2072.0 97
1761289366739 2072.0 98
1761289366978 2072.0 99
