1761268247436 1810.0 0
1761268253150 1786.0 1
1761268258647 1786.0 2
1761268264411 1786.0 3
1761268270232 1786.0 4
1761268275922 1786.0 5
1761268281661 1616.0 6
1761268286978 1475.0 7
1761268291943 1475.0 8
1761268296903 1475.0 9
1761268301951 1475.0 10
1761268307010 1475.0 11
1761268312101 1475.0 12
1761268317171 1475.0 13
1761268322391 1475.0 14
1761268327673 1475.0 15
1761268332961 1475.0 16
1761268338149 1475.0 17
1761268343307 1475.0 18
1761268348467 1475.0 19
1761268353730 1475.0 20
1761268358904 1475.0 21
1761268364193 1475.0 22
1761268369376 1475.0 23
1761268374515 1475.0 24
1761268379715 1475.0 25
1761268384952 1475.0 26
1761268390195 1475.0 27
1761268395392 1475.0 28
1761268400603 1475.0 29
1761268405798 1475.0 30
1761268410954 1475.0 31
1761268416127 1475.0 32
1761268421419 1475.0 33
1761268426613 1475.0 34
1761268431767 1475.0 35
1761268436878 1475.0 36
1761268442068 1475.0 37
1761268447324 1475.0 38
1761268452475 1475.0 39
1761268457644 1475.0 40
1761268462854 1475.0 41
1761268467968 1475.0 42
1761268473114 1475.0 43
1761268478301 1475.0 44
1761268483437 1475.0 45
1761268488577 1475.0 46
1761268493736 1475.0 47
1761268498866 1475.0 48
1761268504115 1475.0 49
1761268509328 1475.0 50
1761268514508 1475.0 51
1761268519681 1475.0 52
1761268524879 1475.0 53
1761268530186 1475.0 54
1761268535475 1475.0 55
1761268540722 1475.0 56
1761268545987 1475.0 57
1761268551214 1475.0 58
1761268556404 1475.0 59
1761268561614 1475.0 60
1761268566876 1475.0 61
1761268572142 1475.0 62
1761268577342 1475.0 63
1761268582574 1475.0 64
1761268588156 1475.0 65
1761268593525 1475.0 66
1761268598754 1475.0 67
1761268604011 1475.0 68
1761268609257 1475.0 69
1761268614512 1475.0 70
1761268619776 1475.0 71
1761268625111 1475.0 72
1761268630401 1475.0 73
1761268635709 1475.0 74
1761268640990 1475.0 75
1761268646272 1475.0 76
1761268651611 1475.0 77
1761268656924 1475.0 78
1761268662220 1475.0 79
1761268667546 1475.0 80
1761268672844 1475.0 81
1761268678147 1475.0 82
1761268683435 1475.0 83
1761268688716 1475.0 84
1761268694060 1475.0 85
1761268699326 1475.0 86
1761268704570 1475.0 87
1761268709802 1475.0 88
1761268715069 1475.0 89
1761268720273 1475.0 90
1761268725554 1475.0 91
1761268730832 1475.0 92
1761268736076 1475.0 93
1761268741334 1475.0 94
1761268746585 1475.0 95
1761268751823 1475.0 96
1761268757076 1475.0 97
1761268762298 1475.0 98
1761268767481 1475.0 99
