1771488702448 20509.0 0
1771488796922 20509.0 1
1771488893834 20509.0 2
1771488991877 20509.0 3
1771489091388 20509.0 4
1771489192152 20509.0 5
1771489294420 20509.0 6
1771489396260 20509.0 7
1771489500609 20509.0 8
1771489605958 20509.0 9
1771489712372 20509.0 10
1771489819959 20509.0 11
1771489928660 20509.0 12
1771490038052 20509.0 13
1771490147734 20509.0 14
1771490257590 20509.0 15
1771490367309 20509.0 16
1771490478573 20509.0 17
1771490590278 20509.0 18
1771490701804 20509.0 19
1771490813765 20509.0 20
1771490936023 20509.0 21
1771491063059 20509.0 22
1771491189739 20509.0 23
1771491315103 20509.0 24
1771491441970 20509.0 25
1771491568280 20509.0 26
1771491694739 20509.0 27
1771491820448 20509.0 28
1771491940256 20509.0 29
1771492058564 20509.0 30
1771492176443 20509.0 31
1771492295391 20509.0 32
1771492418868 20509.0 33
1771492542366 20509.0 34
1771492666862 20509.0 35
1771492790723 20509.0 36
1771492916046 20509.0 37
1771493039828 20509.0 38
1771493163504 20509.0 39
1771493283403 20509.0 40
1771493400140 20509.0 41
1771493518062 20509.0 42
1771493635936 20509.0 43
1771493754127 20509.0 44
1771493872062 20509.0 45
1771493989249 20509.0 46
1771494106180 20509.0 47
1771494223000 20509.0 48
1771494339656 20509.0 49
1771494457363 20509.0 50
1771494574223 20509.0 51
1771494691019 20509.0 52
1771494807260 20509.0 53
1771494924459 20509.0 54
1771495041864 20509.0 55
1771495158601 20509.0 56
1771495274938 20509.0 57
1771495391897 20509.0 58
1771495509497 20509.0 59
1771495626937 20509.0 60
1771495743525 20509.0 61
1771495860327 20509.0 62
1771495977830 20509.0 63
1771496094534 20509.0 64
1771496211299 20509.0 65
1771496329274 20509.0 66
1771496445774 20509.0 67
1771496561984 20509.0 68
1771496678850 20509.0 69
1771496795514 20509.0 70
1771496912042 20509.0 71
1771497027740 20509.0 72
1771497143715 20509.0 73
1771497260297 20509.0 74
1771497376392 20509.0 75
1771497492100 20509.0 76
1771497609566 20509.0 77
1771497726648 20509.0 78
1771497843732 20509.0 79
1771497960732 20509.0 80
1771498077780 20509.0 81
1771498194103 20509.0 82
1771498311564 20509.0 83
1771498429364 20509.0 84
1771498546410 20509.0 85
1771498662831 20509.0 86
1771498779367 20509.0 87
1771498896972 20509.0 88
1771499013816 20509.0 89
1771499130725 20509.0 90
1771499247826 20509.0 91
1771499364885 20509.0 92
1771499481425 20509.0 93
1771499596844 20509.0 94
1771499713973 20509.0 95
1771499830926 20509.0 96
1771499947410 20509.0 97
1771500063607 20509.0 98
1771500179429 20509.0 99
