1761103147065 21304.0 0
1761103148939 20787.0 1
1761103150813 19874.0 2
1761103152750 19161.0 3
1761103154798 18464.0 4
1761103156743 18258.0 5
1761103158711 17856.0 6
1761103160757 17677.0 7
1761103162762 17577.0 8
1761103164769 17477.0 9
1761103169272 17377.0 10
1761103173952 17277.0 11
1761103178511 17277.0 12
1761103183315 17277.0 13
1761103187881 17177.0 14
1761103192479 17077.0 15
1761103197330 16977.0 16
1761103202011 16977.0 17
1761103206763 16784.0 18
1761103211540 16784.0 19
1761103216213 16684.0 20
1761103220969 16584.0 21
1761103225888 16484.0 22
1761103230517 16484.0 23
1761103235270 16391.0 24
1761103240065 16293.0 25
1761103244368 16193.0 26
1761103246489 16093.0 27
1761103248597 16091.0 28
1761103250796 16091.0 29
1761103252863 15991.0 30
1761103255880 15985.0 31
1761103260780 15885.0 32
1761103263037 15785.0 33
1761103265123 15783.0 34
1761103267308 15781.0 35
1761103269405 15681.0 36
1761103271508 15592.0 37
1761103273674 15581.0 38
1761103275759 15492.0 39
1761103277894 15481.0 40
1761103280062 15390.0 41
1761103282144 15290.0 42
1761103284219 15290.0 43
1761103286331 15090.0 44
1761103288567 14990.0 45
1761103290689 14890.0 46
1761103292779 14888.0 47
1761103294914 14788.0 48
1761103297002 14788.0 49
1761103299136 14787.0 50
1761103301281 14587.0 51
1761103303354 14487.0 52
1761103305423 14484.0 53
1761103307558 14384.0 54
1761103309649 14384.0 55
1761103311743 14375.0 56
1761103313868 14275.0 57
1761103315957 14275.0 58
1761103318041 14175.0 59
1761103320213 13975.0 60
1761103322318 13875.0 61
1761103324393 13775.0 62
1761103326548 13675.0 63
1761103328616 13575.0 64
1761103330687 13475.0 65
1761103332820 13377.0 66
1761103334973 13377.0 67
1761103337110 13368.0 68
1761103339239 13268.0 69
1761103341449 13165.0 70
1761103343624 13165.0 71
1761103345747 12965.0 72
1761103347907 12965.0 73
1761103350005 12965.0 74
1761103352140 12865.0 75
1761103354361 12857.0 76
1761103356447 12765.0 77
1761103358547 12665.0 78
1761103363591 12665.0 79
1761103368560 12565.0 80
1761103373380 12465.0 81
1761103378385 12265.0 82
1761103383274 12165.0 83
1761103388273 12065.0 84
1761103393270 12064.0 85
1761103398095 12056.0 86
1761103402929 12056.0 87
1761103407787 11956.0 88
1761103412811 11856.0 89
1761103417858 11854.0 90
1761103422749 11854.0 91
1761103427954 11854.0 92
1761103433010 11756.0 93
1761103438183 11754.0 94
1761103443440 11654.0 95
1761103448712 11554.0 96
1761103453711 11454.0 97
1761103458957 11354.0 98
1761103464108 11254.0 99
