1771935993155 3701.0 0
1771936014844 3549.0 1
1771936036934 3537.0 2
1771936059468 3528.0 3
1771936082428 3528.0 4
1771936105726 3060.0 5
1771936129584 3060.0 6
1771936153379 3060.0 7
1771936177417 3060.0 8
1771936202083 3060.0 9
1771936226360 3060.0 10
1771936251341 3060.0 11
1771936276860 3060.0 12
1771936302819 3060.0 13
1771936328599 3060.0 14
1771936354338 3060.0 15
1771936380114 3052.0 16
1771936405958 3016.0 17
1771936432108 3016.0 18
1771936458095 3016.0 19
1771936484862 3016.0 20
1771936511568 3016.0 21
1771936538285 3016.0 22
1771936565077 3016.0 23
1771936592007 3016.0 24
1771936618989 3016.0 25
1771936645282 3016.0 26
1771936671913 3016.0 27
1771936698876 3016.0 28
1771936725679 3016.0 29
1771936752525 3016.0 30
1771936778634 3016.0 31
1771936802997 3016.0 32
1771936827235 3016.0 33
1771936851520 3016.0 34
1771936875704 3016.0 35
1771936899693 3016.0 36
1771936923483 3016.0 37
1771936947089 3016.0 38
1771936970909 3016.0 39
1771936994854 3016.0 40
1771937018653 3016.0 41
1771937042488 3016.0 42
1771937065842 3016.0 43
1771937088946 3016.0 44
1771937112951 3016.0 45
1771937136851 3016.0 46
1771937160705 3016.0 47
1771937184380 3016.0 48
1771937208194 3016.0 49
1771937232455 3016.0 50
1771937256715 3016.0 51
1771937281153 3016.0 52
1771937304824 3016.0 53
1771937328857 3016.0 54
1771937352942 3016.0 55
1771937377320 3016.0 56
1771937401594 3016.0 57
1771937425828 3016.0 58
1771937450082 3016.0 59
1771937474395 3016.0 60
1771937498583 3016.0 61
1771937522646 3016.0 62
1771937546643 3016.0 63
1771937570981 3016.0 64
1771937595283 3016.0 65
1771937619535 3016.0 66
1771937643376 3016.0 67
1771937667425 3016.0 68
1771937691134 3016.0 69
1771937714682 3016.0 70
1771937738336 3016.0 71
1771937762927 3016.0 72
1771937788106 3016.0 73
1771937812395 3016.0 74
1771937836519 3016.0 75
1771937860803 3016.0 76
1771937885672 3016.0 77
1771937909805 3016.0 78
1771937934349 3016.0 79
1771937958811 3016.0 80
1771937983282 3016.0 81
1771938007448 3016.0 82
1771938031444 3016.0 83
1771938055968 3016.0 84
1771938080555 3016.0 85
1771938104807 3016.0 86
1771938129648 3016.0 87
1771938154405 3016.0 88
1771938178949 3016.0 89
1771938202818 3016.0 90
1771938227068 3016.0 91
1771938251606 3016.0 92
1771938276239 3016.0 93
1771938301274 3016.0 94
1771938326126 3016.0 95
1771938350746 3016.0 96
1771938374919 3016.0 97
1771938399710 3016.0 98
1771938424506 3016.0 99
