1771778479347 2624.0 0
1771778480639 2422.0 1
1771778481803 2028.0 2
1771778482952 1830.0 3
1771778484196 1620.0 4
1771778485275 1531.0 5
1771778486460 1429.0 6
1771778487648 1420.0 7
1771778488741 1420.0 8
1771778489944 1420.0 9
1771778491054 1420.0 10
1771778492145 1320.0 11
1771778493381 1320.0 12
1771778494555 1320.0 13
1771778495651 1220.0 14
1771778496850 1212.0 15
1771778497949 1212.0 16
1771778499096 1205.0 17
1771778500256 1200.0 18
1771778501336 1200.0 19
1771778502509 1200.0 20
1771778503579 1100.0 21
1771778504686 1100.0 22
1771778505886 1100.0 23
1771778507021 1100.0 24
1771778508111 1100.0 25
1771778509352 1100.0 26
1771778510494 1100.0 27
1771778511745 1100.0 28
1771778512885 1093.0 29
1771778513999 1093.0 30
1771778515172 993.0 31
1771778516237 993.0 32
1771778517302 993.0 33
1771778518505 993.0 34
1771778519580 993.0 35
1771778520772 893.0 36
1771778521861 893.0 37
1771778522911 893.0 38
1771778524080 893.0 39
1771778525181 893.0 40
1771778526219 893.0 41
1771778527379 893.0 42
1771778528456 793.0 43
1771778529512 793.0 44
1771778530745 793.0 45
1771778531833 793.0 46
1771778533022 793.0 47
1771778534089 793.0 48
1771778535153 793.0 49
1771778536301 793.0 50
1771778537433 793.0 51
1771778538496 793.0 52
1771778539661 793.0 53
1771778540731 793.0 54
1771778541947 793.0 55
1771778543022 793.0 56
1771778544096 793.0 57
1771778545279 793.0 58
1771778546324 793.0 59
1771778547409 793.0 60
1771778548557 793.0 61
1771778549627 793.0 62
1771778550822 793.0 63
1771778551910 699.0 64
1771778553023 693.0 65
1771778554201 693.0 66
1771778555334 693.0 67
1771778556400 693.0 68
1771778557561 693.0 69
1771778558677 693.0 70
1771778559746 693.0 71
1771778560955 693.0 72
1771778562032 693.0 73
1771778563196 693.0 74
1771778564293 693.0 75
1771778565375 693.0 76
1771778566538 693.0 77
1771778567596 693.0 78
1771778568707 693.0 79
1771778569899 693.0 80
1771778570995 693.0 81
1771778572162 693.0 82
1771778573213 693.0 83
1771778574278 693.0 84
1771778575486 693.0 85
1771778576546 693.0 86
1771778577620 693.0 87
1771778578778 693.0 88
1771778579843 687.0 89
1771778581090 687.0 90
1771778582206 687.0 91
1771778583247 687.0 92
1771778584393 687.0 93
1771778585474 687.0 94
1771778586610 598.0 95
1771778587794 598.0 96
1771778588902 598.0 97
1771778590000 598.0 98
1771778591232 598.0 99
