1761195530338 3564.0 0
1761195538720 2755.0 1
1761195547325 2755.0 2
1761195556037 2755.0 3
1761195564828 2755.0 4
1761195573687 2755.0 5
1761195581734 2755.0 6
1761195589731 2755.0 7
1761195597610 2755.0 8
1761195605305 2755.0 9
1761195612741 2755.0 10
1761195620521 2755.0 11
1761195628303 2755.0 12
1761195636179 2755.0 13
1761195644152 2755.0 14
1761195652043 2755.0 15
1761195660000 2755.0 16
1761195667960 2755.0 17
1761195676067 2755.0 18
1761195684073 2755.0 19
1761195692106 2755.0 20
1761195700210 2755.0 21
1761195708410 2755.0 22
1761195716563 2755.0 23
1761195724683 2755.0 24
1761195732789 2755.0 25
1761195740910 2755.0 26
1761195748983 2755.0 27
1761195757069 2755.0 28
1761195765143 2755.0 29
1761195773232 2755.0 30
1761195781200 2755.0 31
1761195789211 2755.0 32
1761195797289 2755.0 33
1761195805325 2755.0 34
1761195813308 2755.0 35
1761195821405 2755.0 36
1761195829541 2755.0 37
1761195837610 2755.0 38
1761195845648 2755.0 39
1761195853801 2755.0 40
1761195861978 2755.0 41
1761195870150 2755.0 42
1761195878224 2755.0 43
1761195886324 2755.0 44
1761195894467 2755.0 45
1761195902579 2755.0 46
1761195910699 2755.0 47
1761195918845 2755.0 48
1761195926950 2755.0 49
1761195935028 2755.0 50
1761195943104 2755.0 51
1761195951339 2755.0 52
1761195959468 2755.0 53
1761195967593 2755.0 54
1761195975659 2755.0 55
1761195983872 2755.0 56
1761195992031 2755.0 57
1761196000186 2755.0 58
1761196008294 2755.0 59
1761196016457 2755.0 60
1761196024631 2755.0 61
1761196032832 2755.0 62
1761196041041 2755.0 63
1761196049145 2755.0 64
1761196057227 2755.0 65
1761196065342 2755.0 66
1761196073980 2755.0 67
1761196082328 2755.0 68
1761196090605 2755.0 69
1761196098894 2755.0 70
1761196107212 2755.0 71
1761196115459 2755.0 72
1761196123669 2755.0 73
1761196131914 2755.0 74
1761196140247 2755.0 75
1761196148487 2755.0 76
1761196156703 2755.0 77
1761196164965 2755.0 78
1761196173197 2755.0 79
1761196181525 2755.0 80
1761196189935 2755.0 81
1761196199693 2755.0 82
1761196208341 2755.0 83
1761196216447 2755.0 84
1761196224490 2755.0 85
1761196232623 2755.0 86
1761196240688 2755.0 87
1761196248766 2755.0 88
1761196256816 2755.0 89
1761196265040 2755.0 90
1761196273058 2755.0 91
1761196281129 2755.0 92
1761196289173 2755.0 93
1761196297318 2755.0 94
1761196305395 2755.0 95
1761196313423 2755.0 96
1761196321531 2755.0 97
1761196329580 2755.0 98
1761196337579 2755.0 99
