1761201736921 1820.0 0
1761201737314 1820.0 1
1761201737644 1820.0 2
1761201737980 1820.0 3
1761201738314 1820.0 4
1761201738652 1820.0 5
1761201738989 1820.0 6
1761201739324 1820.0 7
1761201739652 1820.0 8
1761201739985 1820.0 9
1761201740324 1820.0 10
1761201740655 1820.0 11
1761201740993 1820.0 12
1761201741329 1820.0 13
1761201741671 1820.0 14
1761201742007 1820.0 15
1761201742345 1820.0 16
1761201742680 1820.0 17
1761201743023 1820.0 18
1761201743362 1820.0 19
1761201743695 1820.0 20
1761201744034 1820.0 21
1761201744369 1820.0 22
1761201744704 1820.0 23
1761201745036 1820.0 24
1761201745374 1820.0 25
1761201745723 1820.0 26
1761201746152 1820.0 27
1761201746573 1820.0 28
1761201746985 1820.0 29
1761201747384 1820.0 30
1761201747785 1820.0 31
1761201748158 1820.0 32
1761201748534 1820.0 33
1761201748909 1820.0 34
1761201749289 1820.0 35
1761201749678 1820.0 36
1761201750087 1820.0 37
1761201750458 1820.0 38
1761201750936 1820.0 39
1761201751406 1820.0 40
1761201751767 1820.0 41
1761201752171 1820.0 42
1761201752564 1820.0 43
1761201752998 1820.0 44
1761201753382 1820.0 45
1761201753825 1820.0 46
1761201754188 1820.0 47
1761201754621 1820.0 48
1761201754990 1820.0 49
1761201755400 1820.0 50
1761201755878 1820.0 51
1761201756291 1820.0 52
1761201756685 1820.0 53
1761201757073 1820.0 54
1761201757420 1820.0 55
1761201757869 1820.0 56
1761201758257 1820.0 57
1761201758608 1820.0 58
1761201758972 1820.0 59
1761201759400 1820.0 60
1761201759836 1820.0 61
1761201760189 1820.0 62
1761201760555 1820.0 63
1761201760907 1820.0 64
1761201761297 1820.0 65
1761201761703 1820.0 66
1761201762081 1820.0 67
1761201762468 1820.0 68
1761201762893 1820.0 69
1761201763281 1820.0 70
1761201763699 1820.0 71
1761201764193 1820.0 72
1761201764590 1820.0 73
1761201764998 1820.0 74
1761201765410 1820.0 75
1761201765751 1820.0 76
1761201766139 1820.0 77
1761201766512 1820.0 78
1761201766883 1820.0 79
1761201767234 1820.0 80
1761201767614 1820.0 81
1761201767948 1820.0 82
1761201768279 1820.0 83
1761201768615 1820.0 84
1761201768939 1820.0 85
1761201769269 1820.0 86
1761201769597 1820.0 87
1761201769932 1820.0 88
1761201770263 1820.0 89
1761201770595 1820.0 90
1761201770917 1820.0 91
1761201771242 1820.0 92
1761201771574 1820.0 93
1761201771905 1820.0 94
1761201772235 1820.0 95
1761201772566 1820.0 96
1761201772901 1820.0 97
1761201773232 1820.0 98
1761201773563 1820.0 99
