1761200411839 1759.0 0
1761200412141 1759.0 1
1761200412374 1759.0 2
1761200412608 1759.0 3
1761200412844 1759.0 4
1761200413083 1759.0 5
1761200413322 1759.0 6
1761200413555 1759.0 7
1761200413795 1759.0 8
1761200414037 1759.0 9
1761200414274 1759.0 10
1761200414509 1759.0 11
1761200414743 1759.0 12
1761200414975 1759.0 13
1761200415204 1759.0 14
1761200415432 1759.0 15
1761200415663 1759.0 16
1761200415894 1759.0 17
1761200416134 1759.0 18
1761200416364 1759.0 19
1761200416598 1759.0 20
1761200416830 1759.0 21
1761200417065 1759.0 22
1761200417291 1759.0 23
1761200417526 1759.0 24
1761200417760 1759.0 25
1761200417990 1759.0 26
1761200418228 1759.0 27
1761200418463 1759.0 28
1761200418695 1759.0 29
1761200418929 1759.0 30
1761200419164 1759.0 31
1761200419399 1759.0 32
1761200419635 1759.0 33
1761200419866 1759.0 34
1761200420101 1759.0 35
1761200420338 1759.0 36
1761200420578 1759.0 37
1761200420814 1759.0 38
1761200421050 1759.0 39
1761200421285 1759.0 40
1761200421523 1759.0 41
1761200421759 1759.0 42
1761200421992 1759.0 43
1761200422222 1759.0 44
1761200422453 1759.0 45
1761200422687 1759.0 46
1761200422921 1759.0 47
1761200423149 1759.0 48
1761200423382 1759.0 49
1761200423620 1759.0 50
1761200423854 1759.0 51
1761200424092 1759.0 52
1761200424325 1759.0 53
1761200424561 1759.0 54
1761200424800 1759.0 55
1761200425034 1759.0 56
1761200425269 1759.0 57
1761200425500 1759.0 58
1761200425741 1759.0 59
1761200425972 1759.0 60
1761200426206 1759.0 61
1761200426442 1759.0 62
1761200426678 1759.0 63
1761200426909 1759.0 64
1761200427137 1759.0 65
1761200427370 1759.0 66
1761200427605 1759.0 67
1761200427837 1759.0 68
1761200428068 1759.0 69
1761200428301 1759.0 70
1761200428538 1759.0 71
1761200428776 1759.0 72
1761200429016 1759.0 73
1761200429256 1759.0 74
1761200429491 1759.0 75
1761200429723 1759.0 76
1761200429955 1759.0 77
1761200430191 1759.0 78
1761200430429 1759.0 79
1761200430665 1759.0 80
1761200430899 1759.0 81
1761200431141 1759.0 82
1761200431374 1759.0 83
1761200431608 1759.0 84
1761200431844 1759.0 85
1761200432083 1759.0 86
1761200432317 1759.0 87
1761200432554 1759.0 88
1761200432790 1759.0 89
1761200433021 1759.0 90
1761200433253 1759.0 91
1761200433485 1759.0 92
1761200433731 1759.0 93
1761200433971 1759.0 94
1761200434208 1759.0 95
1761200434443 1759.0 96
1761200434675 1759.0 97
1761200434913 1759.0 98
1761200435146 1759.0 99
