1761200802835 1594.0 0
1761200803201 1594.0 1
1761200803511 1594.0 2
1761200803828 1594.0 3
1761200804134 1594.0 4
1761200804457 1594.0 5
1761200804773 1594.0 6
1761200805094 1594.0 7
1761200805401 1594.0 8
1761200805711 1594.0 9
1761200806026 1594.0 10
1761200806346 1594.0 11
1761200806658 1594.0 12
1761200806959 1594.0 13
1761200807275 1594.0 14
1761200807582 1594.0 15
1761200807888 1594.0 16
1761200808198 1594.0 17
1761200808509 1594.0 18
1761200808818 1594.0 19
1761200809133 1594.0 20
1761200809444 1594.0 21
1761200809753 1594.0 22
1761200810064 1594.0 23
1761200810372 1594.0 24
1761200810679 1594.0 25
1761200810989 1594.0 26
1761200811302 1594.0 27
1761200811609 1594.0 28
1761200811918 1594.0 29
1761200812230 1594.0 30
1761200812543 1594.0 31
1761200812856 1594.0 32
1761200813162 1594.0 33
1761200813485 1594.0 34
1761200813793 1594.0 35
1761200814118 1594.0 36
1761200814423 1594.0 37
1761200814735 1594.0 38
1761200815041 1594.0 39
1761200815347 1594.0 40
1761200815660 1594.0 41
1761200815972 1594.0 42
1761200816274 1594.0 43
1761200816584 1594.0 44
1761200816893 1594.0 45
1761200817196 1594.0 46
1761200817509 1594.0 47
1761200817819 1594.0 48
1761200818127 1594.0 49
1761200818434 1594.0 50
1761200818747 1594.0 51
1761200819062 1594.0 52
1761200819369 1594.0 53
1761200819676 1594.0 54
1761200819982 1594.0 55
1761200820290 1594.0 56
1761200820605 1594.0 57
1761200820920 1594.0 58
1761200821244 1594.0 59
1761200821552 1594.0 60
1761200821865 1594.0 61
1761200822174 1594.0 62
1761200822481 1594.0 63
1761200822790 1594.0 64
1761200823101 1594.0 65
1761200823410 1594.0 66
1761200823714 1594.0 67
1761200824050 1594.0 68
1761200824358 1594.0 69
1761200824670 1594.0 70
1761200824987 1594.0 71
1761200825298 1594.0 72
1761200825609 1594.0 73
1761200825921 1594.0 74
1761200826229 1594.0 75
1761200826540 1594.0 76
1761200826846 1594.0 77
1761200827153 1594.0 78
1761200827457 1594.0 79
1761200827767 1594.0 80
1761200828072 1594.0 81
1761200828377 1594.0 82
1761200828686 1594.0 83
1761200828996 1594.0 84
1761200829306 1594.0 85
1761200829617 1594.0 86
1761200829931 1594.0 87
1761200830237 1594.0 88
1761200830552 1594.0 89
1761200830859 1594.0 90
1761200831160 1594.0 91
1761200831466 1594.0 92
1761200831772 1594.0 93
1761200832079 1594.0 94
1761200832386 1594.0 95
1761200832693 1594.0 96
1761200833000 1594.0 97
1761200833310 1594.0 98
1761200833621 1594.0 99
