1771371150183 20594.0 0
1771371154872 20594.0 1
1771371159460 19292.0 2
1771371164178 18723.0 3
1771371169154 18305.0 4
1771371174123 17901.0 5
1771371179234 17503.0 6
1771371184152 17403.0 7
1771371189159 17303.0 8
1771371194192 17103.0 9
1771371199233 17096.0 10
1771371204241 16996.0 11
1771371209342 16996.0 12
1771371214397 16796.0 13
1771371219669 16697.0 14
1771371224713 16697.0 15
1771371229912 16697.0 16
1771371234994 16595.0 17
1771371240097 16595.0 18
1771371245206 16495.0 19
1771371250243 16401.0 20
1771371255371 16395.0 21
1771371260496 16293.0 22
1771371265428 16101.0 23
1771371270443 16001.0 24
1771371275497 15901.0 25
1771371280621 15801.0 26
1771371285646 15701.0 27
1771371290712 15701.0 28
1771371295728 15601.0 29
1771371300760 15501.0 30
1771371305844 15501.0 31
1771371310993 15401.0 32
1771371316209 15301.0 33
1771371321193 15301.0 34
1771371326366 15201.0 35
1771371331552 15101.0 36
1771371336695 15007.0 37
1771371341769 14807.0 38
1771371347022 14715.0 39
1771371352143 14615.0 40
1771371357277 14515.0 41
1771371362493 14415.0 42
1771371367679 14315.0 43
1771371372883 14215.0 44
1771371378206 14215.0 45
1771371383344 14115.0 46
1771371388501 14009.0 47
1771371393690 14009.0 48
1771371398901 14009.0 49
1771371404179 14009.0 50
1771371409350 14009.0 51
1771371414576 14009.0 52
1771371419769 13909.0 53
1771371425151 13807.0 54
1771371430333 13707.0 55
1771371435703 13607.0 56
1771371440792 13607.0 57
1771371445885 13508.0 58
1771371451029 13507.0 59
1771371456156 13408.0 60
1771371461313 13408.0 61
1771371466492 13314.0 62
1771371471761 13214.0 63
1771371477083 13121.0 64
1771371482286 13021.0 65
1771371487554 13021.0 66
1771371492823 13021.0 67
1771371498295 13021.0 68
1771371503484 12819.0 69
1771371508910 12719.0 70
1771371514131 12519.0 71
1771371519381 12519.0 72
1771371524664 12519.0 73
1771371530004 12519.0 74
1771371535231 12419.0 75
1771371540509 12419.0 76
1771371545827 12419.0 77
1771371551219 12319.0 78
1771371556617 12319.0 79
1771371561776 12310.0 80
1771371567049 12310.0 81
1771371572315 12310.0 82
1771371577558 12310.0 83
1771371582915 12210.0 84
1771371588240 12110.0 85
1771371593534 12105.0 86
1771371599012 12099.0 87
1771371604269 12005.0 88
1771371609581 11805.0 89
1771371615004 11798.0 90
1771371620336 11792.0 91
1771371625651 11790.0 92
1771371630853 11692.0 93
1771371636084 11588.0 94
1771371641438 11588.0 95
1771371646618 11588.0 96
1771371651880 11488.0 97
1771371657160 11488.0 98
1771371662357 11480.0 99
