1761276579886 3450.0 0
1761276580397 2727.0 1
1761276580929 2335.0 2
1761276581431 2327.0 3
1761276581948 2035.0 4
1761276582458 1927.0 5
1761276582987 1827.0 6
1761276583569 1727.0 7
1761276584109 1727.0 8
1761276584634 1725.0 9
1761276585182 1625.0 10
1761276585725 1625.0 11
1761276586266 1625.0 12
1761276586806 1623.0 13
1761276587332 1623.0 14
1761276587901 1523.0 15
1761276588436 1523.0 16
1761276588968 1523.0 17
1761276589495 1432.0 18
1761276590032 1432.0 19
1761276590562 1432.0 20
1761276591091 1325.0 21
1761276591614 1325.0 22
1761276592193 1325.0 23
1761276592718 1325.0 24
1761276593257 1325.0 25
1761276593773 1325.0 26
1761276594297 1325.0 27
1761276594817 1325.0 28
1761276595362 1323.0 29
1761276595881 1323.0 30
1761276596461 1323.0 31
1761276596991 1223.0 32
1761276597513 1223.0 33
1761276598038 1023.0 34
1761276598551 1023.0 35
1761276599063 1023.0 36
1761276599578 1023.0 37
1761276600099 1023.0 38
1761276600610 1023.0 39
1761276601159 1023.0 40
1761276601668 1023.0 41
1761276602179 1023.0 42
1761276602700 1023.0 43
1761276603207 1023.0 44
1761276603724 1021.0 45
1761276604243 923.0 46
1761276604773 915.0 47
1761276605333 915.0 48
1761276605859 915.0 49
1761276606383 915.0 50
1761276606898 915.0 51
1761276607410 915.0 52
1761276607921 915.0 53
1761276608434 915.0 54
1761276608952 908.0 55
1761276609517 908.0 56
1761276610009 906.0 57
1761276610517 906.0 58
1761276610998 806.0 59
1761276611482 706.0 60
1761276611975 606.0 61
1761276612485 606.0 62
1761276612992 606.0 63
1761276613559 606.0 64
1761276614072 606.0 65
1761276614591 606.0 66
1761276615103 606.0 67
1761276615606 606.0 68
1761276616111 606.0 69
1761276616627 606.0 70
1761276617142 606.0 71
1761276617647 604.0 72
1761276618190 506.0 73
1761276618712 504.0 74
1761276619223 504.0 75
1761276619734 504.0 76
1761276620249 504.0 77
1761276620759 504.0 78
1761276621254 504.0 79
1761276621769 504.0 80
1761276622336 504.0 81
1761276622841 504.0 82
1761276623355 504.0 83
1761276623857 504.0 84
1761276624357 497.0 85
1761276624877 497.0 86
1761276625380 497.0 87
1761276625882 497.0 88
1761276626446 497.0 89
1761276626940 497.0 90
1761276627430 497.0 91
1761276627931 497.0 92
1761276628441 497.0 93
1761276628943 497.0 94
1761276629455 490.0 95
1761276629950 490.0 96
1761276630506 490.0 97
1761276630999 490.0 98
1761276631508 490.0 99
