1761276920991 2262.0 0
1761276921633 2150.0 1
1761276922334 2055.0 2
1761276923078 2055.0 3
1761276923813 1955.0 4
1761276924509 1955.0 5
1761276925219 1955.0 6
1761276925904 1955.0 7
1761276926613 1955.0 8
1761276927291 1855.0 9
1761276927928 1757.0 10
1761276928592 1757.0 11
1761276929282 1757.0 12
1761276929994 1756.0 13
1761276930710 1756.0 14
1761276931431 1756.0 15
1761276932122 1756.0 16
1761276932818 1756.0 17
1761276933492 1756.0 18
1761276934225 1756.0 19
1761276934913 1657.0 20
1761276935602 1657.0 21
1761276936306 1656.0 22
1761276937075 1656.0 23
1761276937769 1656.0 24
1761276938548 1656.0 25
1761276939310 1656.0 26
1761276940021 1545.0 27
1761276940755 1345.0 28
1761276941458 1345.0 29
1761276942147 1345.0 30
1761276942880 1345.0 31
1761276943595 1345.0 32
1761276944313 1345.0 33
1761276945086 1245.0 34
1761276945828 1145.0 35
1761276946516 1145.0 36
1761276947201 1145.0 37
1761276947880 1145.0 38
1761276948588 1145.0 39
1761276949237 1145.0 40
1761276949913 1045.0 41
1761276950676 1045.0 42
1761276951398 1045.0 43
1761276952146 1045.0 44
1761276952845 945.0 45
1761276953526 945.0 46
1761276954253 945.0 47
1761276954967 945.0 48
1761276955700 845.0 49
1761276956402 845.0 50
1761276957091 845.0 51
1761276957797 845.0 52
1761276958524 845.0 53
1761276959207 845.0 54
1761276959920 845.0 55
1761276960678 845.0 56
1761276961414 845.0 57
1761276962107 845.0 58
1761276962801 845.0 59
1761276963542 845.0 60
1761276964237 845.0 61
1761276964940 845.0 62
1761276965760 845.0 63
1761276966470 845.0 64
1761276967192 845.0 65
1761276967940 845.0 66
1761276968684 845.0 67
1761276969405 845.0 68
1761276970149 845.0 69
1761276970794 845.0 70
1761276971411 845.0 71
1761276972013 845.0 72
1761276972666 845.0 73
1761276973279 845.0 74
1761276973889 845.0 75
1761276974515 845.0 76
1761276975130 845.0 77
1761276975745 845.0 78
1761276976357 845.0 79
1761276976980 845.0 80
1761276977579 845.0 81
1761276978207 845.0 82
1761276978842 845.0 83
1761276979454 845.0 84
1761276980057 845.0 85
1761276980676 845.0 86
1761276981299 845.0 87
1761276981924 845.0 88
1761276982544 845.0 89
1761276983156 751.0 90
1761276983767 751.0 91
1761276984365 751.0 92
1761276984983 751.0 93
1761276985586 651.0 94
1761276986199 651.0 95
1761276986792 651.0 96
1761276987410 651.0 97
1761276988018 651.0 98
1761276988628 651.0 99
