1771502265222 21778.0 0
1771502276314 20975.0 1
1771502287864 19333.0 2
1771502298953 18523.0 3
1771502310126 18341.0 4
1771502321024 17653.0 5
1771502332036 17640.0 6
1771502343296 17347.0 7
1771502354539 17240.0 8
1771502365826 17040.0 9
1771502377100 16940.0 10
1771502388687 16938.0 11
1771502399987 16838.0 12
1771502411460 16738.0 13
1771502423086 16540.0 14
1771502434735 16540.0 15
1771502446334 16440.0 16
1771502458017 16340.0 17
1771502469774 16250.0 18
1771502481887 16146.0 19
1771502493508 16048.0 20
1771502505191 15946.0 21
1771502516925 15746.0 22
1771502528794 15731.0 23
1771502540904 15631.0 24
1771502552659 15625.0 25
1771502564510 15533.0 26
1771502576366 15527.0 27
1771502588132 15433.0 28
1771502600108 15427.0 29
1771502611872 15327.0 30
1771502623699 15327.0 31
1771502635778 15227.0 32
1771502647462 15225.0 33
1771502659376 15125.0 34
1771502670731 15125.0 35
1771502681978 15025.0 36
1771502693295 14919.0 37
1771502704795 14819.0 38
1771502716021 14819.0 39
1771502727453 14719.0 40
1771502738869 14619.0 41
1771502750231 14611.0 42
1771502762024 14511.0 43
1771502773210 14411.0 44
1771502784688 14326.0 45
1771502796172 14326.0 46
1771502807620 14226.0 47
1771502819187 14226.0 48
1771502830877 14226.0 49
1771502842334 14126.0 50
1771502853896 14026.0 51
1771502865381 13926.0 52
1771502876871 13926.0 53
1771502888270 13924.0 54
1771502899726 13924.0 55
1771502911197 13922.0 56
1771502922984 13922.0 57
1771502934284 13822.0 58
1771502945762 13722.0 59
1771502957192 13622.0 60
1771502968797 13522.0 61
1771502980399 13522.0 62
1771502991885 13422.0 63
1771503003595 13322.0 64
1771503014975 13222.0 65
1771503026507 13216.0 66
1771503037912 13116.0 67
1771503049209 13116.0 68
1771503060760 13016.0 69
1771503072128 13016.0 70
1771503083755 13016.0 71
1771503095466 12816.0 72
1771503108510 12816.0 73
1771503120490 12716.0 74
1771503132384 12516.0 75
1771503144665 12416.0 76
1771503156726 12416.0 77
1771503168718 12318.0 78
1771503180942 12318.0 79
1771503192822 12318.0 80
1771503205086 12218.0 81
1771503217338 12218.0 82
1771503229750 12118.0 83
1771503241586 12018.0 84
1771503253487 11918.0 85
1771503265882 11820.0 86
1771503277876 11720.0 87
1771503289835 11720.0 88
1771503301721 11720.0 89
1771503313857 11720.0 90
1771503325918 11520.0 91
1771503338117 11416.0 92
1771503350294 11416.0 93
1771503362228 11416.0 94
1771503374216 11416.0 95
1771503386567 11316.0 96
1771503398819 11316.0 97
1771503410936 11310.0 98
1771503423265 11308.0 99
