1761201406290 1818.0 0
1761201406689 1494.0 1
1761201407033 1201.0 2
1761201407380 999.0 3
1761201407735 805.0 4
1761201408100 798.0 5
1761201408460 705.0 6
1761201408851 698.0 7
1761201409244 698.0 8
1761201409636 691.0 9
1761201410012 691.0 10
1761201410389 691.0 11
1761201410769 691.0 12
1761201411202 691.0 13
1761201411581 691.0 14
1761201411956 691.0 15
1761201412333 691.0 16
1761201412713 683.0 17
1761201413081 683.0 18
1761201413441 683.0 19
1761201413811 683.0 20
1761201414189 683.0 21
1761201414557 683.0 22
1761201414939 675.0 23
1761201415310 675.0 24
1761201415730 675.0 25
1761201416097 575.0 26
1761201416457 575.0 27
1761201416827 575.0 28
1761201417192 575.0 29
1761201417554 575.0 30
1761201417911 575.0 31
1761201418275 573.0 32
1761201418636 573.0 33
1761201419007 573.0 34
1761201419374 573.0 35
1761201419732 573.0 36
1761201420152 573.0 37
1761201420515 473.0 38
1761201420883 473.0 39
1761201421249 473.0 40
1761201421606 473.0 41
1761201421967 473.0 42
1761201422337 473.0 43
1761201422700 473.0 44
1761201423059 473.0 45
1761201423418 473.0 46
1761201423774 473.0 47
1761201424137 473.0 48
1761201424542 473.0 49
1761201424901 473.0 50
1761201425275 473.0 51
1761201425636 373.0 52
1761201425997 373.0 53
1761201426361 372.0 54
1761201426728 372.0 55
1761201427090 367.0 56
1761201427453 367.0 57
1761201427822 367.0 58
1761201428180 267.0 59
1761201428545 267.0 60
1761201428960 267.0 61
1761201429333 262.0 62
1761201429706 262.0 63
1761201430073 262.0 64
1761201430444 262.0 65
1761201430819 262.0 66
1761201431198 260.0 67
1761201431568 260.0 68
1761201431938 260.0 69
1761201432308 260.0 70
1761201432677 260.0 71
1761201433054 260.0 72
1761201433468 260.0 73
1761201433839 255.0 74
1761201434204 255.0 75
1761201434580 255.0 76
1761201434960 255.0 77
1761201435330 255.0 78
1761201435696 255.0 79
1761201436057 255.0 80
1761201436427 255.0 81
1761201436795 255.0 82
1761201437156 255.0 83
1761201437515 255.0 84
1761201437929 255.0 85
1761201438296 255.0 86
1761201438661 255.0 87
1761201439023 255.0 88
1761201439386 255.0 89
1761201439746 255.0 90
1761201440109 255.0 91
1761201440464 255.0 92
1761201440833 255.0 93
1761201441204 255.0 94
1761201441571 255.0 95
1761201441931 255.0 96
1761201442336 255.0 97
1761201442691 255.0 98
1761201443046 255.0 99
