1761202281013 1779.0 0
1761202281610 1779.0 1
1761202282196 1779.0 2
1761202282788 1774.0 3
1761202283389 1774.0 4
1761202283984 1774.0 5
1761202284581 1774.0 6
1761202285173 1687.0 7
1761202285777 1687.0 8
1761202286385 1687.0 9
1761202287003 1687.0 10
1761202287608 1590.0 11
1761202288210 1587.0 12
1761202288804 1487.0 13
1761202289409 1487.0 14
1761202290005 1487.0 15
1761202290594 1487.0 16
1761202291190 1487.0 17
1761202291779 1487.0 18
1761202292359 1389.0 19
1761202292951 1287.0 20
1761202293554 1287.0 21
1761202294162 1287.0 22
1761202294766 1287.0 23
1761202295365 1187.0 24
1761202295967 1187.0 25
1761202296597 1187.0 26
1761202297227 1187.0 27
1761202297844 1187.0 28
1761202298448 1187.0 29
1761202299047 1187.0 30
1761202299647 1187.0 31
1761202300262 1187.0 32
1761202300877 1187.0 33
1761202301486 1185.0 34
1761202302097 1085.0 35
1761202302701 1085.0 36
1761202303305 1085.0 37
1761202303917 1085.0 38
1761202304521 1085.0 39
1761202305141 1085.0 40
1761202305761 1085.0 41
1761202306362 1085.0 42
1761202306983 1077.0 43
1761202307582 1066.0 44
1761202308186 1066.0 45
1761202308801 981.0 46
1761202309402 981.0 47
1761202310023 966.0 48
1761202310632 966.0 49
1761202311230 966.0 50
1761202311826 781.0 51
1761202312434 781.0 52
1761202313039 781.0 53
1761202313626 781.0 54
1761202314241 779.0 55
1761202314831 778.0 56
1761202315431 772.0 57
1761202316037 772.0 58
1761202316642 772.0 59
1761202317222 579.0 60
1761202317824 579.0 61
1761202318427 572.0 62
1761202319017 572.0 63
1761202319618 572.0 64
1761202320219 572.0 65
1761202320803 572.0 66
1761202321415 572.0 67
1761202322006 572.0 68
1761202322621 572.0 69
1761202323210 572.0 70
1761202323817 572.0 71
1761202324422 572.0 72
1761202325007 557.0 73
1761202325601 557.0 74
1761202326177 557.0 75
1761202326779 557.0 76
1761202327358 557.0 77
1761202327972 557.0 78
1761202328574 557.0 79
1761202329150 557.0 80
1761202329727 557.0 81
1761202330307 557.0 82
1761202330907 557.0 83
1761202331498 557.0 84
1761202332081 557.0 85
1761202332686 557.0 86
1761202333288 557.0 87
1761202333872 557.0 88
1761202334463 557.0 89
1761202335053 557.0 90
1761202335624 557.0 91
1761202336210 557.0 92
1761202336802 557.0 93
1761202337407 557.0 94
1761202337992 557.0 95
1761202338603 557.0 96
1761202339213 557.0 97
1761202339813 557.0 98
1761202340405 557.0 99
