1761121738360 20468.0 0
1761121757286 20468.0 1
1761121776837 20468.0 2
1761121797083 20468.0 3
1761121818750 20468.0 4
1761121840629 20468.0 5
1761121862836 20468.0 6
1761121885353 20468.0 7
1761121907971 20468.0 8
1761121930829 20468.0 9
1761121953822 20468.0 10
1761121977167 20468.0 11
1761122000649 20468.0 12
1761122024008 20468.0 13
1761122047558 20468.0 14
1761122071268 20468.0 15
1761122094970 20458.0 16
1761122118869 20458.0 17
1761122142692 20458.0 18
1761122167085 20458.0 19
1761122191467 20458.0 20
1761122216049 20458.0 21
1761122240723 20458.0 22
1761122267345 20458.0 23
1761122298705 20458.0 24
1761122328878 20458.0 25
1761122359933 20458.0 26
1761122389724 20458.0 27
1761122414045 20458.0 28
1761122438716 20458.0 29
1761122462257 20458.0 30
1761122485886 20458.0 31
1761122509363 20458.0 32
1761122532938 20458.0 33
1761122556500 20458.0 34
1761122579996 20458.0 35
1761122603608 20458.0 36
1761122627332 20458.0 37
1761122650874 20458.0 38
1761122675225 20458.0 39
1761122699414 20458.0 40
1761122723555 20458.0 41
1761122747895 20458.0 42
1761122772141 20458.0 43
1761122796398 20458.0 44
1761122820456 20458.0 45
1761122844591 20458.0 46
1761122868738 20458.0 47
1761122892908 20458.0 48
1761122917051 20458.0 49
1761122941152 20458.0 50
1761122965412 20458.0 51
1761122989490 20458.0 52
1761123013635 20458.0 53
1761123037431 20458.0 54
1761123061158 20458.0 55
1761123084884 20458.0 56
1761123108711 20458.0 57
1761123132697 20458.0 58
1761123156716 20458.0 59
1761123180743 20458.0 60
1761123204638 20458.0 61
1761123229745 20458.0 62
1761123254112 20458.0 63
1761123277978 20458.0 64
1761123302479 20458.0 65
1761123326669 20458.0 66
1761123350570 20458.0 67
1761123375587 20458.0 68
1761123399459 20458.0 69
1761123423240 20458.0 70
1761123447108 20458.0 71
1761123470980 20458.0 72
1761123494920 20458.0 73
1761123518845 20458.0 74
1761123542803 20458.0 75
1761123566730 20458.0 76
1761123590563 20458.0 77
1761123614485 20458.0 78
1761123638287 20458.0 79
1761123662316 20458.0 80
1761123686152 20458.0 81
1761123710072 20458.0 82
1761123734148 20458.0 83
1761123758154 20458.0 84
1761123781996 20458.0 85
1761123805896 20458.0 86
1761123829813 20458.0 87
1761123853676 20458.0 88
1761123877773 20458.0 89
1761123901646 20458.0 90
1761123925530 20458.0 91
1761123949325 20458.0 92
1761123973086 20458.0 93
1761123997015 20458.0 94
1761124020769 20458.0 95
1761124044566 20458.0 96
1761124068388 20458.0 97
1761124092226 20458.0 98
1761124116183 20458.0 99
