1761277060767 1690.0 0
1761277061372 1688.0 1
1761277061968 1688.0 2
1761277062563 1679.0 3
1761277063163 1671.0 4
1761277063757 1671.0 5
1761277064364 1571.0 6
1761277064981 1571.0 7
1761277065589 1571.0 8
1761277066195 1471.0 9
1761277066803 1471.0 10
1761277067411 1471.0 11
1761277068011 1471.0 12
1761277068601 1404.0 13
1761277069204 1385.0 14
1761277069803 1204.0 15
1761277070382 1204.0 16
1761277070974 1204.0 17
1761277071588 1202.0 18
1761277072212 1195.0 19
1761277072800 1195.0 20
1761277073410 1195.0 21
1761277074010 1195.0 22
1761277074610 1100.0 23
1761277075228 1100.0 24
1761277075857 1100.0 25
1761277076458 1000.0 26
1761277077052 1000.0 27
1761277077650 984.0 28
1761277078246 984.0 29
1761277078836 984.0 30
1761277079450 984.0 31
1761277080053 984.0 32
1761277080654 884.0 33
1761277081251 884.0 34
1761277081850 884.0 35
1761277082437 876.0 36
1761277083024 876.0 37
1761277083632 867.0 38
1761277084206 867.0 39
1761277084797 767.0 40
1761277085387 669.0 41
1761277086002 669.0 42
1761277086620 669.0 43
1761277087230 669.0 44
1761277087834 669.0 45
1761277088429 663.0 46
1761277089018 663.0 47
1761277089617 663.0 48
1761277090209 661.0 49
1761277090808 661.0 50
1761277091409 661.0 51
1761277091985 661.0 52
1761277092568 561.0 53
1761277093152 561.0 54
1761277093754 561.0 55
1761277094335 561.0 56
1761277094926 561.0 57
1761277095514 561.0 58
1761277096096 561.0 59
1761277096691 561.0 60
1761277097283 561.0 61
1761277097869 561.0 62
1761277098482 561.0 63
1761277099070 561.0 64
1761277099658 561.0 65
1761277100253 561.0 66
1761277100826 561.0 67
1761277101414 561.0 68
1761277102013 561.0 69
1761277102586 561.0 70
1761277103154 561.0 71
1761277103739 561.0 72
1761277104327 561.0 73
1761277104893 561.0 74
1761277105488 561.0 75
1761277106097 561.0 76
1761277106693 561.0 77
1761277107296 561.0 78
1761277107879 561.0 79
1761277108472 561.0 80
1761277109057 561.0 81
1761277109654 561.0 82
1761277110243 561.0 83
1761277110826 561.0 84
1761277111410 561.0 85
1761277111987 561.0 86
1761277112579 561.0 87
1761277113161 561.0 88
1761277113781 561.0 89
1761277114384 561.0 90
1761277114955 561.0 91
1761277115550 561.0 92
1761277116129 561.0 93
1761277116740 561.0 94
1761277117327 561.0 95
1761277117920 561.0 96
1761277118521 370.0 97
1761277119119 370.0 98
1761277119722 275.0 99
