1761206155306 1822.0 0
1761206155893 1730.0 1
1761206156472 1730.0 2
1761206157061 1730.0 3
1761206157650 1630.0 4
1761206158248 1630.0 5
1761206158821 1630.0 6
1761206159401 1630.0 7
1761206159980 1630.0 8
1761206160558 1603.0 9
1761206161154 1496.0 10
1761206161739 1323.0 11
1761206162328 1223.0 12
1761206162909 1223.0 13
1761206163491 1223.0 14
1761206164080 1204.0 15
1761206164664 1204.0 16
1761206165271 1104.0 17
1761206165843 1104.0 18
1761206166423 1104.0 19
1761206167022 1104.0 20
1761206167616 1104.0 21
1761206168222 1104.0 22
1761206168836 1095.0 23
1761206169433 1095.0 24
1761206170015 1088.0 25
1761206170615 1088.0 26
1761206171213 1088.0 27
1761206171803 988.0 28
1761206172402 988.0 29
1761206172987 988.0 30
1761206173588 986.0 31
1761206174173 986.0 32
1761206174777 986.0 33
1761206175376 985.0 34
1761206175974 785.0 35
1761206176595 780.0 36
1761206177195 772.0 37
1761206177822 772.0 38
1761206178419 764.0 39
1761206179009 764.0 40
1761206179604 759.0 41
1761206180194 759.0 42
1761206180781 759.0 43
1761206181385 759.0 44
1761206181993 759.0 45
1761206182590 759.0 46
1761206183177 759.0 47
1761206183759 759.0 48
1761206184366 759.0 49
1761206184991 759.0 50
1761206185625 685.0 51
1761206186219 685.0 52
1761206186817 685.0 53
1761206187438 685.0 54
1761206188050 685.0 55
1761206188671 685.0 56
1761206189280 685.0 57
1761206189879 685.0 58
1761206190474 685.0 59
1761206191057 685.0 60
1761206191633 685.0 61
1761206192221 685.0 62
1761206192819 685.0 63
1761206193401 685.0 64
1761206194015 685.0 65
1761206194617 685.0 66
1761206195229 685.0 67
1761206195834 685.0 68
1761206196423 685.0 69
1761206197010 685.0 70
1761206197623 685.0 71
1761206198224 685.0 72
1761206198809 685.0 73
1761206199408 685.0 74
1761206199998 685.0 75
1761206200603 685.0 76
1761206201201 685.0 77
1761206201811 685.0 78
1761206202412 685.0 79
1761206203006 685.0 80
1761206203606 685.0 81
1761206204195 685.0 82
1761206204801 685.0 83
1761206205381 685.0 84
1761206205989 685.0 85
1761206206603 685.0 86
1761206207207 685.0 87
1761206207793 685.0 88
1761206208384 685.0 89
1761206208991 685.0 90
1761206209565 685.0 91
1761206210158 685.0 92
1761206210743 685.0 93
1761206211328 685.0 94
1761206211912 685.0 95
1761206212511 662.0 96
1761206213093 662.0 97
1761206213661 662.0 98
1761206214274 662.0 99
