1761199707523 1915.0 0
1761199712175 1915.0 1
1761199717887 1915.0 2
1761199723179 1832.0 3
1761199727978 1832.0 4
1761199732785 1832.0 5
1761199737566 1832.0 6
1761199742334 1832.0 7
1761199747109 1832.0 8
1761199751919 1832.0 9
1761199756861 1832.0 10
1761199761753 1599.0 11
1761199766776 1599.0 12
1761199771829 1599.0 13
1761199776928 1599.0 14
1761199782032 1599.0 15
1761199787219 1599.0 16
1761199792382 1599.0 17
1761199797530 1599.0 18
1761199802715 1599.0 19
1761199807876 1599.0 20
1761199813042 1599.0 21
1761199818256 1599.0 22
1761199823500 1599.0 23
1761199828681 1599.0 24
1761199833874 1599.0 25
1761199839074 1599.0 26
1761199844318 1599.0 27
1761199849461 1599.0 28
1761199854620 1599.0 29
1761199859784 1599.0 30
1761199864945 1599.0 31
1761199870104 1599.0 32
1761199875337 1599.0 33
1761199880495 1599.0 34
1761199885696 1599.0 35
1761199890885 1599.0 36
1761199896064 1599.0 37
1761199901289 1599.0 38
1761199906449 1599.0 39
1761199911649 1599.0 40
1761199916837 1599.0 41
1761199922025 1599.0 42
1761199927248 1599.0 43
1761199932515 1599.0 44
1761199937698 1599.0 45
1761199942867 1599.0 46
1761199948023 1599.0 47
1761199953187 1599.0 48
1761199958411 1599.0 49
1761199963592 1599.0 50
1761199968801 1599.0 51
1761199973942 1599.0 52
1761199979100 1599.0 53
1761199984273 1599.0 54
1761199989503 1599.0 55
1761199994648 1599.0 56
1761199999834 1599.0 57
1761200004979 1599.0 58
1761200010124 1599.0 59
1761200015252 1599.0 60
1761200020463 1599.0 61
1761200025601 1599.0 62
1761200030728 1599.0 63
1761200035826 1599.0 64
1761200040948 1599.0 65
1761200046110 1599.0 66
1761200051283 1599.0 67
1761200056392 1599.0 68
1761200061538 1599.0 69
1761200066645 1599.0 70
1761200071746 1599.0 71
1761200076981 1599.0 72
1761200082140 1599.0 73
1761200087204 1599.0 74
1761200092338 1599.0 75
1761200097481 1599.0 76
1761200102641 1599.0 77
1761200107751 1599.0 78
1761200112887 1599.0 79
1761200117987 1599.0 80
1761200123121 1599.0 81
1761200128319 1599.0 82
1761200133555 1599.0 83
1761200138703 1599.0 84
1761200143880 1599.0 85
1761200149055 1599.0 86
1761200154209 1599.0 87
1761200159431 1599.0 88
1761200164600 1599.0 89
1761200169736 1599.0 90
1761200174921 1599.0 91
1761200180078 1599.0 92
1761200185240 1599.0 93
1761200190446 1599.0 94
1761200195572 1599.0 95
1761200200705 1599.0 96
1761200205866 1599.0 97
1761200211019 1599.0 98
1761200216221 1599.0 99
