1761199153131 2063.0 0
1761199159066 2063.0 1
1761199165206 2063.0 2
1761199171371 2063.0 3
1761199177701 2063.0 4
1761199184095 2063.0 5
1761199190596 2063.0 6
1761199197187 2063.0 7
1761199203880 2063.0 8
1761199210522 2063.0 9
1761199217282 2063.0 10
1761199224044 2063.0 11
1761199230946 2063.0 12
1761199237786 2063.0 13
1761199244664 2063.0 14
1761199251572 2063.0 15
1761199258563 2063.0 16
1761199265571 2063.0 17
1761199272541 2063.0 18
1761199279515 2063.0 19
1761199286547 2063.0 20
1761199293643 2063.0 21
1761199300671 2063.0 22
1761199307798 2063.0 23
1761199314861 2063.0 24
1761199321997 2063.0 25
1761199328985 2063.0 26
1761199335981 2063.0 27
1761199343010 2063.0 28
1761199350205 2063.0 29
1761199357203 2063.0 30
1761199364187 2063.0 31
1761199371314 2063.0 32
1761199378392 2063.0 33
1761199385600 2063.0 34
1761199392624 2063.0 35
1761199399681 2063.0 36
1761199406735 2063.0 37
1761199413914 2063.0 38
1761199421089 2063.0 39
1761199428236 2063.0 40
1761199435323 2063.0 41
1761199442552 2063.0 42
1761199449658 2063.0 43
1761199456750 2063.0 44
1761199463830 2063.0 45
1761199471003 2063.0 46
1761199478141 2063.0 47
1761199485226 2063.0 48
1761199492355 2063.0 49
1761199499441 2063.0 50
1761199506805 2063.0 51
1761199515200 2063.0 52
1761199523948 2063.0 53
1761199532913 2063.0 54
1761199541102 2063.0 55
1761199549221 2063.0 56
1761199557432 2063.0 57
1761199565648 2063.0 58
1761199573909 2063.0 59
1761199581815 2063.0 60
1761199589984 2063.0 61
1761199598238 2063.0 62
1761199606375 2063.0 63
1761199614780 2063.0 64
1761199623053 2063.0 65
1761199631262 2063.0 66
1761199639373 2063.0 67
1761199647534 2063.0 68
1761199655824 2063.0 69
1761199664213 2063.0 70
1761199672678 2063.0 71
1761199680943 2063.0 72
1761199689057 2063.0 73
1761199697412 2063.0 74
1761199705662 2063.0 75
1761199713874 2063.0 76
1761199722153 2063.0 77
1761199730312 2063.0 78
1761199738678 2063.0 79
1761199746975 2063.0 80
1761199755214 2063.0 81
1761199763345 2063.0 82
1761199771759 2063.0 83
1761199779124 2063.0 84
1761199786372 2063.0 85
1761199793543 2063.0 86
1761199801311 2063.0 87
1761199810270 2063.0 88
1761199818796 2063.0 89
1761199825649 2063.0 90
1761199832416 2063.0 91
1761199838946 2063.0 92
1761199845510 2063.0 93
1761199852019 2063.0 94
1761199858882 2063.0 95
1761199865596 2063.0 96
1761199872461 2063.0 97
1761199879297 2063.0 98
1761199886021 2063.0 99
