1761118117841 21053.0 0
1761118119835 21053.0 1
1761118121648 21053.0 2
1761118123491 21053.0 3
1761118125313 21053.0 4
1761118127193 21053.0 5
1761118129004 21053.0 6
1761118130832 21053.0 7
1761118132647 21053.0 8
1761118134489 21053.0 9
1761118136320 21053.0 10
1761118138148 21053.0 11
1761118139956 21053.0 12
1761118141772 21053.0 13
1761118143598 21053.0 14
1761118145425 21053.0 15
1761118147278 21053.0 16
1761118149097 21053.0 17
1761118150921 21053.0 18
1761118152768 21053.0 19
1761118154584 21053.0 20
1761118156398 21053.0 21
1761118158266 21053.0 22
1761118160084 21053.0 23
1761118161907 21053.0 24
1761118163711 21053.0 25
1761118165511 21053.0 26
1761118167326 21053.0 27
1761118169191 21053.0 28
1761118171018 21053.0 29
1761118172852 21053.0 30
1761118174657 21053.0 31
1761118176498 21053.0 32
1761118178354 21053.0 33
1761118180202 21053.0 34
1761118182015 21053.0 35
1761118183814 21053.0 36
1761118185624 21053.0 37
1761118187437 21053.0 38
1761118189318 21053.0 39
1761118191136 21053.0 40
1761118192953 21053.0 41
1761118194769 21053.0 42
1761118196571 21053.0 43
1761118198390 21053.0 44
1761118200284 21053.0 45
1761118202092 21053.0 46
1761118203904 21053.0 47
1761118205710 21053.0 48
1761118207531 21053.0 49
1761118209346 21053.0 50
1761118211174 21053.0 51
1761118212997 21053.0 52
1761118214808 21053.0 53
1761118216613 21053.0 54
1761118218420 21053.0 55
1761118220236 21053.0 56
1761118222059 21053.0 57
1761118223903 21053.0 58
1761118225715 21053.0 59
1761118227507 21053.0 60
1761118229311 21053.0 61
1761118231159 21053.0 62
1761118232961 21053.0 63
1761118234792 21053.0 64
1761118236618 21053.0 65
1761118238434 21053.0 66
1761118240245 21053.0 67
1761118242107 21053.0 68
1761118243923 21053.0 69
1761118245737 21053.0 70
1761118247533 21053.0 71
1761118249351 21053.0 72
1761118251182 21053.0 73
1761118253031 21053.0 74
1761118254864 21053.0 75
1761118256659 21053.0 76
1761118258471 21053.0 77
1761118260282 21053.0 78
1761118262125 21053.0 79
1761118263959 21053.0 80
1761118265787 21053.0 81
1761118267588 21053.0 82
1761118269411 21053.0 83
1761118271224 21053.0 84
1761118273093 21053.0 85
1761118274907 21053.0 86
1761118276733 21053.0 87
1761118278543 21053.0 88
1761118280360 21053.0 89
1761118282180 21053.0 90
1761118284043 21053.0 91
1761118285879 21053.0 92
1761118287694 21053.0 93
1761118289512 21053.0 94
1761118291313 21053.0 95
1761118293137 21053.0 96
1761118295009 21053.0 97
1761118296836 21053.0 98
1761118298663 21053.0 99
