1761205123229 3237.0 0
1761205129900 3237.0 1
1761205136724 3237.0 2
1761205143684 3237.0 3
1761205150652 3141.0 4
1761205157749 3141.0 5
1761205165036 3141.0 6
1761205172532 3141.0 7
1761205179980 3129.0 8
1761205187482 3129.0 9
1761205195026 3129.0 10
1761205202712 3129.0 11
1761205210388 3129.0 12
1761205218110 3129.0 13
1761205225923 3124.0 14
1761205233643 3124.0 15
1761205241479 3124.0 16
1761205249271 3124.0 17
1761205257178 3124.0 18
1761205265026 3124.0 19
1761205272907 3124.0 20
1761205280764 3124.0 21
1761205288741 3124.0 22
1761205296625 3124.0 23
1761205304501 3124.0 24
1761205312330 3124.0 25
1761205320292 3124.0 26
1761205328155 3124.0 27
1761205335988 3124.0 28
1761205343804 3124.0 29
1761205351670 3124.0 30
1761205359458 3124.0 31
1761205367267 3124.0 32
1761205375197 3124.0 33
1761205383113 3124.0 34
1761205391206 3124.0 35
1761205399471 3124.0 36
1761205407567 3124.0 37
1761205415536 3124.0 38
1761205423498 3124.0 39
1761205431515 3124.0 40
1761205439620 3124.0 41
1761205447596 3124.0 42
1761205455594 3124.0 43
1761205463579 3124.0 44
1761205471593 3124.0 45
1761205479565 3124.0 46
1761205487533 3124.0 47
1761205495700 3124.0 48
1761205503802 3124.0 49
1761205511830 3124.0 50
1761205519870 3124.0 51
1761205527987 3124.0 52
1761205535953 3124.0 53
1761205543951 3124.0 54
1761205552029 3124.0 55
1761205560136 3124.0 56
1761205568203 3124.0 57
1761205576266 3124.0 58
1761205584278 3124.0 59
1761205592339 3124.0 60
1761205600387 3124.0 61
1761205608458 3124.0 62
1761205616558 3124.0 63
1761205624549 3124.0 64
1761205632546 3124.0 65
1761205640712 3124.0 66
1761205648787 3124.0 67
1761205656910 3124.0 68
1761205664931 3124.0 69
1761205672971 3124.0 70
1761205681066 3124.0 71
1761205689109 3124.0 72
1761205697134 3124.0 73
1761205705139 3124.0 74
1761205713206 3124.0 75
1761205721159 3124.0 76
1761205729118 3124.0 77
1761205737168 3124.0 78
1761205745168 3124.0 79
1761205753198 3124.0 80
1761205761208 3124.0 81
1761205769255 3124.0 82
1761205777261 3124.0 83
1761205785267 3124.0 84
1761205793271 3124.0 85
1761205801357 3124.0 86
1761205809365 3124.0 87
1761205817353 3124.0 88
1761205825298 3124.0 89
1761205833350 3124.0 90
1761205841242 3124.0 91
1761205849274 3124.0 92
1761205857344 3124.0 93
1761205865275 3124.0 94
1761205873305 3124.0 95
1761205881316 3124.0 96
1761205889430 3124.0 97
1761205897443 3124.0 98
1761205905479 3124.0 99
