1771519564302 21008.0 0
1771519584458 20906.0 1
1771519604761 20800.0 2
1771519625093 20700.0 3
1771519645388 20606.0 4
1771519665343 20606.0 5
1771519685797 20604.0 6
1771519706040 20604.0 7
1771519726242 20604.0 8
1771519746737 20525.0 9
1771519767312 20327.0 10
1771519787676 20317.0 11
1771519807932 20227.0 12
1771519828272 20127.0 13
1771519848675 20127.0 14
1771519869177 20127.0 15
1771519889638 20127.0 16
1771519910192 20127.0 17
1771519930771 20127.0 18
1771519951533 20027.0 19
1771519971869 20027.0 20
1771519992290 19921.0 21
1771520012559 19921.0 22
1771520032918 19805.0 23
1771520057132 19805.0 24
1771520079335 19805.0 25
1771520101063 19805.0 26
1771520123043 19805.0 27
1771520144777 19705.0 28
1771520166585 19705.0 29
1771520188549 19396.0 30
1771520210444 19296.0 31
1771520232094 19196.0 32
1771520254448 19096.0 33
1771520276642 19096.0 34
1771520298480 19096.0 35
1771520320022 18896.0 36
1771520341742 18896.0 37
1771520363582 18896.0 38
1771520385431 18896.0 39
1771520407588 18896.0 40
1771520429488 18812.0 41
1771520451632 18812.0 42
1771520473830 18712.0 43
1771520495734 18620.0 44
1771520517603 18620.0 45
1771520539859 18620.0 46
1771520563411 18620.0 47
1771520586696 18620.0 48
1771520608629 18620.0 49
1771520630943 18528.0 50
1771520652991 18521.0 51
1771520675256 18521.0 52
1771520697596 18521.0 53
1771520719755 18431.0 54
1771520742098 18431.0 55
1771520764090 18431.0 56
1771520786414 18331.0 57
1771520808638 18331.0 58
1771520831081 18331.0 59
1771520853240 18123.0 60
1771520875476 18023.0 61
1771520897605 17923.0 62
1771520919893 17923.0 63
1771520941807 17923.0 64
1771520964015 17923.0 65
1771520985610 17923.0 66
1771521007253 17923.0 67
1771521029000 17923.0 68
1771521050461 17823.0 69
1771521071971 17662.0 70
1771521093550 17518.0 71
1771521114946 17462.0 72
1771521136545 17356.0 73
1771521158120 17256.0 74
1771521179469 17247.0 75
1771521201071 17147.0 76
1771521222565 17147.0 77
1771521244011 17147.0 78
1771521265597 17147.0 79
1771521287375 17131.0 80
1771521309184 16947.0 81
1771521331273 16924.0 82
1771521352973 16824.0 83
1771521374571 16824.0 84
1771521396250 16747.0 85
1771521417775 16647.0 86
1771521439831 16447.0 87
1771521461863 16447.0 88
1771521483756 16447.0 89
1771521505204 16447.0 90
1771521526995 16338.0 91
1771521548875 16238.0 92
1771521570355 16138.0 93
1771521592350 16138.0 94
1771521613777 16038.0 95
1771521635290 15947.0 96
1771521657170 15947.0 97
1771521678992 15847.0 98
1771521700722 15761.0 99
