1761203042767 2923.0 0
1761203043318 2923.0 1
1761203043790 2923.0 2
1761203044263 2923.0 3
1761203044734 2923.0 4
1761203045216 2923.0 5
1761203045692 2923.0 6
1761203046176 2923.0 7
1761203046649 2923.0 8
1761203047124 2923.0 9
1761203047592 2923.0 10
1761203048058 2923.0 11
1761203048537 2923.0 12
1761203049005 2923.0 13
1761203049479 2923.0 14
1761203049939 2923.0 15
1761203050407 2923.0 16
1761203050874 2923.0 17
1761203051351 2923.0 18
1761203051825 2923.0 19
1761203052287 2923.0 20
1761203052766 2923.0 21
1761203053252 2923.0 22
1761203053733 2923.0 23
1761203054214 2923.0 24
1761203054679 2923.0 25
1761203055147 2923.0 26
1761203055607 2923.0 27
1761203056068 2923.0 28
1761203056528 2923.0 29
1761203056993 2923.0 30
1761203057468 2923.0 31
1761203057924 2923.0 32
1761203058384 2923.0 33
1761203058851 2923.0 34
1761203059318 2923.0 35
1761203059795 2923.0 36
1761203060256 2923.0 37
1761203060723 2923.0 38
1761203061186 2923.0 39
1761203061654 2923.0 40
1761203062126 2923.0 41
1761203062589 2923.0 42
1761203063062 2923.0 43
1761203063528 2923.0 44
1761203063992 2923.0 45
1761203064456 2923.0 46
1761203064935 2923.0 47
1761203065409 2923.0 48
1761203065872 2923.0 49
1761203066334 2923.0 50
1761203066790 2923.0 51
1761203067265 2923.0 52
1761203067723 2923.0 53
1761203068194 2923.0 54
1761203068666 2923.0 55
1761203069132 2923.0 56
1761203069603 2923.0 57
1761203070076 2923.0 58
1761203070552 2923.0 59
1761203071017 2923.0 60
1761203071476 2923.0 61
1761203071942 2923.0 62
1761203072403 2923.0 63
1761203072877 2923.0 64
1761203073341 2923.0 65
1761203073806 2923.0 66
1761203074291 2923.0 67
1761203074763 2923.0 68
1761203075229 2923.0 69
1761203075700 2923.0 70
1761203076166 2923.0 71
1761203076629 2923.0 72
1761203077092 2923.0 73
1761203077557 2923.0 74
1761203078032 2923.0 75
1761203078502 2923.0 76
1761203078973 2923.0 77
1761203079445 2923.0 78
1761203079915 2923.0 79
1761203080389 2923.0 80
1761203080858 2923.0 81
1761203081325 2923.0 82
1761203081791 2923.0 83
1761203082264 2923.0 84
1761203082726 2923.0 85
1761203083200 2923.0 86
1761203083672 2923.0 87
1761203084146 2923.0 88
1761203084624 2923.0 89
1761203085090 2923.0 90
1761203085563 2923.0 91
1761203086033 2923.0 92
1761203086510 2923.0 93
1761203086974 2923.0 94
1761203087441 2923.0 95
1761203087901 2923.0 96
1761203088358 2923.0 97
1761203088823 2923.0 98
1761203089284 2923.0 99
