1761202892537 2166.0 0
1761202898505 2166.0 1
1761202904631 2166.0 2
1761202910862 1988.0 3
1761202917213 1865.0 4
1761202923627 1865.0 5
1761202930120 1865.0 6
1761202936684 1865.0 7
1761202943375 1865.0 8
1761202950090 1865.0 9
1761202956877 1865.0 10
1761202963673 1865.0 11
1761202970512 1865.0 12
1761202977472 1865.0 13
1761202984392 1865.0 14
1761202991308 1865.0 15
1761202998277 1865.0 16
1761203005282 1865.0 17
1761203012257 1865.0 18
1761203019227 1865.0 19
1761203026230 1865.0 20
1761203033354 1865.0 21
1761203040377 1865.0 22
1761203047348 1865.0 23
1761203054724 1865.0 24
1761203061880 1865.0 25
1761203069043 1865.0 26
1761203076108 1865.0 27
1761203083163 1865.0 28
1761203090192 1865.0 29
1761203097264 1865.0 30
1761203104330 1865.0 31
1761203111330 1865.0 32
1761203118293 1865.0 33
1761203125348 1865.0 34
1761203132435 1865.0 35
1761203139513 1865.0 36
1761203146607 1865.0 37
1761203153714 1865.0 38
1761203160925 1865.0 39
1761203167963 1865.0 40
1761203174945 1865.0 41
1761203181972 1865.0 42
1761203188996 1865.0 43
1761203196055 1865.0 44
1761203203062 1865.0 45
1761203210065 1865.0 46
1761203217115 1865.0 47
1761203224231 1865.0 48
1761203231196 1865.0 49
1761203238238 1865.0 50
1761203245238 1865.0 51
1761203252311 1865.0 52
1761203259320 1865.0 53
1761203266336 1865.0 54
1761203273357 1865.0 55
1761203280432 1865.0 56
1761203287724 1865.0 57
1761203294897 1865.0 58
1761203301972 1865.0 59
1761203309119 1865.0 60
1761203316324 1865.0 61
1761203323384 1865.0 62
1761203330445 1865.0 63
1761203337445 1865.0 64
1761203344454 1865.0 65
1761203351551 1865.0 66
1761203358570 1865.0 67
1761203365590 1865.0 68
1761203372629 1865.0 69
1761203379799 1865.0 70
1761203386903 1865.0 71
1761203393951 1865.0 72
1761203401072 1865.0 73
1761203408153 1865.0 74
1761203415286 1865.0 75
1761203422342 1865.0 76
1761203429389 1865.0 77
1761203436468 1865.0 78
1761203443591 1865.0 79
1761203450648 1865.0 80
1761203457709 1865.0 81
1761203464803 1865.0 82
1761203471944 1865.0 83
1761203479063 1865.0 84
1761203486162 1865.0 85
1761203493227 1865.0 86
1761203500354 1865.0 87
1761203507479 1865.0 88
1761203514530 1865.0 89
1761203521561 1865.0 90
1761203528659 1865.0 91
1761203535851 1865.0 92
1761203542924 1865.0 93
1761203549991 1865.0 94
1761203557090 1865.0 95
1761203564183 1865.0 96
1761203571343 1865.0 97
1761203578399 1865.0 98
1761203585426 1865.0 99
