1771586028168 20937.0 0
1771586037069 20637.0 1
1771586046189 20637.0 2
1771586055025 20637.0 3
1771586063776 20637.0 4
1771586072777 20537.0 5
1771586081716 20537.0 6
1771586090474 20337.0 7
1771586099493 20228.0 8
1771586108458 20228.0 9
1771586117401 20228.0 10
1771586126349 20130.0 11
1771586135299 20130.0 12
1771586144467 20030.0 13
1771586153539 19923.0 14
1771586162488 19823.0 15
1771586171543 19723.0 16
1771586180618 19623.0 17
1771586189476 19623.0 18
1771586198331 19523.0 19
1771586207273 19523.0 20
1771586216316 19423.0 21
1771586225504 19323.0 22
1771586234566 19323.0 23
1771586243694 19131.0 24
1771586252924 19031.0 25
1771586262051 18931.0 26
1771586271300 18931.0 27
1771586280252 18931.0 28
1771586289252 18931.0 29
1771586298489 18924.0 30
1771586307507 18924.0 31
1771586316620 18924.0 32
1771586325659 18841.0 33
1771586334969 18841.0 34
1771586344058 18841.0 35
1771586353255 18834.0 36
1771586362442 18734.0 37
1771586371554 18734.0 38
1771586380816 18734.0 39
1771586389887 18734.0 40
1771586399115 18734.0 41
1771586408196 18727.0 42
1771586417449 18599.0 43
1771586426512 18599.0 44
1771586435707 18599.0 45
1771586444861 18592.0 46
1771586453854 18404.0 47
1771586463125 18317.0 48
1771586472112 18317.0 49
1771586481093 18217.0 50
1771586490119 18022.0 51
1771586499222 17716.0 52
1771586508327 17716.0 53
1771586517783 17616.0 54
1771586526995 17616.0 55
1771586536070 17509.0 56
1771586545465 17507.0 57
1771586554794 17507.0 58
1771586563879 17507.0 59
1771586573155 17414.0 60
1771586582247 17414.0 61
1771586591333 17414.0 62
1771586600633 17414.0 63
1771586609945 17414.0 64
1771586619188 17212.0 65
1771586628451 17212.0 66
1771586637569 17212.0 67
1771586646847 17212.0 68
1771586656091 17212.0 69
1771586665447 17012.0 70
1771586674706 17012.0 71
1771586683966 17012.0 72
1771586693386 17012.0 73
1771586702455 16912.0 74
1771586711741 16912.0 75
1771586720914 16808.0 76
1771586730039 16708.0 77
1771586739478 16708.0 78
1771586748810 16708.0 79
1771586758062 16708.0 80
1771586767359 16638.0 81
1771586776629 16631.0 82
1771586786049 16608.0 83
1771586795478 16508.0 84
1771586804902 16508.0 85
1771586814240 16508.0 86
1771586823670 16508.0 87
1771586832945 16508.0 88
1771586842315 16508.0 89
1771586851654 16308.0 90
1771586860923 16308.0 91
1771586872178 16308.0 92
1771586882378 16308.0 93
1771586892499 16308.0 94
1771586901746 16208.0 95
1771586911046 16208.0 96
1771586920566 16208.0 97
1771586931976 16208.0 98
1771586942570 16108.0 99
