1761277445025 1972.0 0
1761277445444 1972.0 1
1761277445793 1972.0 2
1761277446141 1972.0 3
1761277446497 1972.0 4
1761277446884 1972.0 5
1761277447232 1972.0 6
1761277447578 1972.0 7
1761277447922 1972.0 8
1761277448266 1972.0 9
1761277448616 1972.0 10
1761277448965 1972.0 11
1761277449313 1972.0 12
1761277449662 1972.0 13
1761277450015 1972.0 14
1761277450366 1972.0 15
1761277450716 1972.0 16
1761277451059 1972.0 17
1761277451412 1972.0 18
1761277451758 1972.0 19
1761277452104 1972.0 20
1761277452459 1972.0 21
1761277452807 1972.0 22
1761277453154 1972.0 23
1761277453502 1972.0 24
1761277453856 1972.0 25
1761277454204 1972.0 26
1761277454555 1972.0 27
1761277454904 1972.0 28
1761277455253 1972.0 29
1761277455616 1972.0 30
1761277455964 1972.0 31
1761277456313 1972.0 32
1761277456664 1972.0 33
1761277457013 1972.0 34
1761277457370 1972.0 35
1761277457717 1972.0 36
1761277458072 1972.0 37
1761277458425 1972.0 38
1761277458779 1972.0 39
1761277459134 1972.0 40
1761277459486 1972.0 41
1761277459840 1972.0 42
1761277460191 1972.0 43
1761277460537 1972.0 44
1761277460888 1972.0 45
1761277461245 1972.0 46
1761277461592 1972.0 47
1761277461945 1972.0 48
1761277462292 1972.0 49
1761277462641 1972.0 50
1761277462994 1972.0 51
1761277463350 1972.0 52
1761277463698 1972.0 53
1761277464046 1972.0 54
1761277464403 1972.0 55
1761277464748 1972.0 56
1761277465100 1972.0 57
1761277465454 1972.0 58
1761277465802 1972.0 59
1761277466150 1972.0 60
1761277466509 1972.0 61
1761277466861 1972.0 62
1761277467211 1972.0 63
1761277467564 1972.0 64
1761277467913 1972.0 65
1761277468266 1972.0 66
1761277468617 1972.0 67
1761277468968 1972.0 68
1761277469322 1972.0 69
1761277469677 1972.0 70
1761277470032 1972.0 71
1761277470387 1972.0 72
1761277470739 1972.0 73
1761277471096 1972.0 74
1761277471449 1972.0 75
1761277471805 1972.0 76
1761277472150 1972.0 77
1761277472505 1972.0 78
1761277472852 1972.0 79
1761277473201 1972.0 80
1761277473556 1972.0 81
1761277473902 1972.0 82
1761277474252 1972.0 83
1761277474605 1972.0 84
1761277474952 1972.0 85
1761277475301 1972.0 86
1761277475654 1972.0 87
1761277476005 1972.0 88
1761277476359 1972.0 89
1761277476712 1972.0 90
1761277477063 1972.0 91
1761277477427 1972.0 92
1761277477776 1972.0 93
1761277478128 1972.0 94
1761277478488 1972.0 95
1761277478834 1972.0 96
1761277479187 1972.0 97
1761277479539 1972.0 98
1761277479894 1972.0 99
