1771757639366 2827.0 0
1771757640962 2827.0 1
1771757642201 2827.0 2
1771757643480 2827.0 3
1771757644672 2827.0 4
1771757645958 2827.0 5
1771757647218 2827.0 6
1771757648499 2827.0 7
1771757649899 2827.0 8
1771757651095 2827.0 9
1771757652252 2827.0 10
1771757653536 2827.0 11
1771757654728 2827.0 12
1771757655983 2827.0 13
1771757657154 2827.0 14
1771757658351 2827.0 15
1771757659543 2827.0 16
1771757660723 2827.0 17
1771757661970 2827.0 18
1771757663184 2827.0 19
1771757664347 2827.0 20
1771757665521 2827.0 21
1771757666726 2827.0 22
1771757668042 2827.0 23
1771757669212 2827.0 24
1771757670394 2827.0 25
1771757671577 2827.0 26
1771757672770 2827.0 27
1771757674086 2827.0 28
1771757675265 2827.0 29
1771757676465 2827.0 30
1771757677645 2827.0 31
1771757678840 2827.0 32
1771757680008 2827.0 33
1771757681233 2827.0 34
1771757682406 2827.0 35
1771757683666 2827.0 36
1771757684837 2827.0 37
1771757686010 2827.0 38
1771757687222 2827.0 39
1771757688399 2827.0 40
1771757689604 2827.0 41
1771757690772 2827.0 42
1771757691951 2827.0 43
1771757693199 2827.0 44
1771757694416 2827.0 45
1771757695606 2827.0 46
1771757696799 2827.0 47
1771757697961 2827.0 48
1771757699211 2827.0 49
1771757700422 2827.0 50
1771757701461 2827.0 51
1771757702609 2827.0 52
1771757703611 2827.0 53
1771757704659 2827.0 54
1771757705707 2827.0 55
1771757706724 2827.0 56
1771757707738 2827.0 57
1771757708882 2827.0 58
1771757710064 2827.0 59
1771757711258 2827.0 60
1771757712441 2827.0 61
1771757713599 2827.0 62
1771757714847 2827.0 63
1771757716023 2827.0 64
1771757717202 2827.0 65
1771757718351 2827.0 66
1771757719529 2827.0 67
1771757720764 2827.0 68
1771757721924 2827.0 69
1771757723118 2827.0 70
1771757724305 2827.0 71
1771757725547 2827.0 72
1771757726805 2827.0 73
1771757727964 2827.0 74
1771757729129 2827.0 75
1771757730330 2827.0 76
1771757731531 2827.0 77
1771757732755 2827.0 78
1771757733927 2827.0 79
1771757735178 2827.0 80
1771757736551 2827.0 81
1771757737744 2827.0 82
1771757738936 2827.0 83
1771757740116 2827.0 84
1771757741281 2827.0 85
1771757742438 2827.0 86
1771757743659 2827.0 87
1771757744859 2827.0 88
1771757746018 2827.0 89
1771757747226 2827.0 90
1771757748451 2827.0 91
1771757749610 2827.0 92
1771757750807 2827.0 93
1771757751998 2827.0 94
1771757753154 2827.0 95
1771757754363 2827.0 96
1771757755669 2827.0 97
1771757756881 2827.0 98
1771757758055 2827.0 99
