1771442015536 21392.0 0
1771442026202 19038.0 1
1771442037497 18993.0 2
1771442049463 18525.0 3
1771442061725 17716.0 4
1771442074323 17515.0 5
1771442086866 17315.0 6
1771442099343 17115.0 7
1771442111990 16915.0 8
1771442124517 16815.0 9
1771442137173 16715.0 10
1771442150027 16615.0 11
1771442162488 16517.0 12
1771442174982 16417.0 13
1771442187552 16417.0 14
1771442200334 16217.0 15
1771442212868 16117.0 16
1771442225541 15917.0 17
1771442238318 15817.0 18
1771442250935 15717.0 19
1771442263819 15617.0 20
1771442276823 15617.0 21
1771442289459 15517.0 22
1771442302307 15417.0 23
1771442315449 15417.0 24
1771442328419 15416.0 25
1771442341293 15414.0 26
1771442354227 15414.0 27
1771442366834 15314.0 28
1771442379687 15314.0 29
1771442392498 15308.0 30
1771442405334 15208.0 31
1771442418282 15108.0 32
1771442431235 15014.0 33
1771442443726 15006.0 34
1771442456461 15000.0 35
1771442469037 14900.0 36
1771442481560 14800.0 37
1771442494433 14800.0 38
1771442507076 14700.0 39
1771442519943 14692.0 40
1771442532664 14600.0 41
1771442545627 14592.0 42
1771442558285 14492.0 43
1771442570914 14490.0 44
1771442583705 14290.0 45
1771442596333 14184.0 46
1771442608870 14184.0 47
1771442621482 14084.0 48
1771442634256 13984.0 49
1771442646995 13984.0 50
1771442659743 13884.0 51
1771442672710 13884.0 52
1771442685466 13784.0 53
1771442698361 13689.0 54
1771442711110 13689.0 55
1771442723956 13689.0 56
1771442736814 13589.0 57
1771442749624 13487.0 58
1771442762627 13387.0 59
1771442775575 13287.0 60
1771442788324 13279.0 61
1771442801255 13279.0 62
1771442814123 13179.0 63
1771442827092 13079.0 64
1771442840170 12979.0 65
1771442852970 12879.0 66
1771442865957 12779.0 67
1771442878785 12679.0 68
1771442891893 12581.0 69
1771442905002 12481.0 70
1771442918180 12383.0 71
1771442930983 12378.0 72
1771442944056 12278.0 73
1771442957050 12278.0 74
1771442969982 12278.0 75
1771442983053 12177.0 76
1771442996025 12077.0 77
1771443009083 12077.0 78
1771443021665 12077.0 79
1771443034499 12077.0 80
1771443047323 11977.0 81
1771443060284 11877.0 82
1771443073440 11877.0 83
1771443086314 11877.0 84
1771443099232 11777.0 85
1771443112203 11677.0 86
1771443125255 11577.0 87
1771443138179 11479.0 88
1771443151059 11474.0 89
1771443164164 11474.0 90
1771443177005 11372.0 91
1771443189944 11365.0 92
1771443202864 11265.0 93
1771443216083 11265.0 94
1771443229311 11165.0 95
1771443242687 11165.0 96
1771443255586 11163.0 97
1771443268831 11065.0 98
1771443282040 10965.0 99
