1761201532332 1864.0 0
1761201538158 1864.0 1
1761201544084 1864.0 2
1761201550114 1864.0 3
1761201556286 1864.0 4
1761201562460 1864.0 5
1761201568783 1864.0 6
1761201575234 1864.0 7
1761201581804 1864.0 8
1761201588363 1864.0 9
1761201595010 1864.0 10
1761201601707 1864.0 11
1761201608419 1864.0 12
1761201615219 1864.0 13
1761201621946 1864.0 14
1761201628731 1864.0 15
1761201635540 1864.0 16
1761201642398 1864.0 17
1761201649204 1864.0 18
1761201656037 1864.0 19
1761201662905 1864.0 20
1761201669806 1864.0 21
1761201676635 1864.0 22
1761201683461 1864.0 23
1761201690306 1864.0 24
1761201697171 1864.0 25
1761201704094 1864.0 26
1761201710918 1864.0 27
1761201717807 1864.0 28
1761201724663 1864.0 29
1761201731532 1864.0 30
1761201738373 1864.0 31
1761201745205 1864.0 32
1761201752001 1864.0 33
1761201758905 1864.0 34
1761201765824 1864.0 35
1761201772710 1864.0 36
1761201779785 1864.0 37
1761201786840 1864.0 38
1761201793880 1864.0 39
1761201800879 1864.0 40
1761201807865 1864.0 41
1761201814865 1864.0 42
1761201821907 1864.0 43
1761201829015 1864.0 44
1761201836006 1864.0 45
1761201842992 1864.0 46
1761201849987 1864.0 47
1761201857060 1864.0 48
1761201864037 1864.0 49
1761201871050 1864.0 50
1761201878033 1864.0 51
1761201885036 1864.0 52
1761201892127 1864.0 53
1761201899094 1864.0 54
1761201906076 1864.0 55
1761201913049 1864.0 56
1761201920087 1864.0 57
1761201927085 1864.0 58
1761201934041 1864.0 59
1761201941103 1864.0 60
1761201948165 1864.0 61
1761201955301 1864.0 62
1761201962330 1864.0 63
1761201969362 1864.0 64
1761201976454 1864.0 65
1761201983558 1864.0 66
1761201990627 1864.0 67
1761201997678 1864.0 68
1761202004743 1864.0 69
1761202011928 1864.0 70
1761202019004 1864.0 71
1761202026115 1864.0 72
1761202033217 1864.0 73
1761202040308 1864.0 74
1761202047452 1864.0 75
1761202054552 1864.0 76
1761202061685 1864.0 77
1761202068825 1864.0 78
1761202076022 1864.0 79
1761202083193 1864.0 80
1761202090283 1864.0 81
1761202097411 1864.0 82
1761202104548 1864.0 83
1761202111733 1864.0 84
1761202118853 1864.0 85
1761202126008 1864.0 86
1761202133146 1864.0 87
1761202140318 1864.0 88
1761202147426 1864.0 89
1761202154499 1864.0 90
1761202161583 1864.0 91
1761202168715 1864.0 92
1761202175836 1864.0 93
1761202182902 1864.0 94
1761202190033 1864.0 95
1761202197174 1864.0 96
1761202204334 1864.0 97
1761202211434 1864.0 98
1761202218522 1864.0 99
