1761276538186 2199.0 0
1761276543616 1795.0 1
1761276549194 1541.0 2
1761276554655 1541.0 3
1761276560553 1541.0 4
1761276566417 1541.0 5
1761276572345 1541.0 6
1761276578256 1541.0 7
1761276584593 1541.0 8
1761276590126 1515.0 9
1761276595222 1515.0 10
1761276600296 1515.0 11
1761276605399 1515.0 12
1761276610517 1515.0 13
1761276615666 1515.0 14
1761276620853 1515.0 15
1761276626089 1515.0 16
1761276631248 1515.0 17
1761276636494 1515.0 18
1761276641718 1515.0 19
1761276646910 1515.0 20
1761276652109 1515.0 21
1761276657472 1515.0 22
1761276662815 1515.0 23
1761276668085 1515.0 24
1761276673290 1515.0 25
1761276678516 1515.0 26
1761276683748 1515.0 27
1761276688968 1515.0 28
1761276694121 1515.0 29
1761276699422 1515.0 30
1761276704636 1515.0 31
1761276709809 1515.0 32
1761276715016 1515.0 33
1761276720187 1515.0 34
1761276725387 1515.0 35
1761276730579 1515.0 36
1761276735797 1515.0 37
1761276741016 1515.0 38
1761276746220 1515.0 39
1761276751342 1515.0 40
1761276756493 1515.0 41
1761276761702 1515.0 42
1761276766869 1515.0 43
1761276772127 1515.0 44
1761276777291 1515.0 45
1761276782455 1515.0 46
1761276787625 1515.0 47
1761276792809 1515.0 48
1761276798020 1515.0 49
1761276803270 1515.0 50
1761276808487 1515.0 51
1761276813682 1515.0 52
1761276818950 1515.0 53
1761276824218 1515.0 54
1761276829610 1515.0 55
1761276834825 1515.0 56
1761276840025 1515.0 57
1761276845234 1515.0 58
1761276850438 1515.0 59
1761276855685 1515.0 60
1761276861006 1515.0 61
1761276866208 1515.0 62
1761276871424 1515.0 63
1761276876664 1515.0 64
1761276881897 1515.0 65
1761276887273 1515.0 66
1761276892514 1515.0 67
1761276897781 1515.0 68
1761276903034 1515.0 69
1761276908277 1515.0 70
1761276913550 1515.0 71
1761276918829 1515.0 72
1761276924019 1515.0 73
1761276929264 1515.0 74
1761276934489 1515.0 75
1761276939702 1515.0 76
1761276944992 1515.0 77
1761276950311 1515.0 78
1761276955601 1515.0 79
1761276960815 1515.0 80
1761276966082 1515.0 81
1761276971289 1515.0 82
1761276976583 1515.0 83
1761276981948 1515.0 84
1761276987231 1515.0 85
1761276992453 1515.0 86
1761276997616 1515.0 87
1761277002888 1515.0 88
1761277008132 1515.0 89
1761277013297 1515.0 90
1761277018474 1515.0 91
1761277023655 1515.0 92
1761277028800 1515.0 93
1761277034009 1515.0 94
1761277039210 1515.0 95
1761277044360 1515.0 96
1761277049479 1515.0 97
1761277054623 1515.0 98
1761277059821 1515.0 99
