1761203968643 2186.0 0
1761203974551 2004.0 1
1761203980594 1899.0 2
1761203986736 1684.0 3
1761203993075 1684.0 4
1761203999433 1684.0 5
1761204005894 1684.0 6
1761204012414 1684.0 7
1761204019014 1684.0 8
1761204025633 1684.0 9
1761204032345 1684.0 10
1761204039093 1684.0 11
1761204045832 1684.0 12
1761204052710 1684.0 13
1761204059514 1684.0 14
1761204066363 1684.0 15
1761204073260 1684.0 16
1761204080169 1684.0 17
1761204087037 1684.0 18
1761204093903 1684.0 19
1761204100862 1684.0 20
1761204107809 1684.0 21
1761204114765 1684.0 22
1761204121703 1684.0 23
1761204128679 1684.0 24
1761204135650 1684.0 25
1761204142664 1684.0 26
1761204149615 1684.0 27
1761204156544 1684.0 28
1761204163525 1684.0 29
1761204170513 1684.0 30
1761204177428 1684.0 31
1761204184476 1684.0 32
1761204191515 1684.0 33
1761204198525 1684.0 34
1761204205605 1684.0 35
1761204212566 1684.0 36
1761204219635 1684.0 37
1761204226705 1684.0 38
1761204233748 1684.0 39
1761204240728 1684.0 40
1761204247656 1684.0 41
1761204254666 1684.0 42
1761204261607 1684.0 43
1761204268587 1684.0 44
1761204275497 1684.0 45
1761204282426 1684.0 46
1761204289338 1684.0 47
1761204296336 1684.0 48
1761204303325 1684.0 49
1761204310283 1684.0 50
1761204317253 1684.0 51
1761204324178 1684.0 52
1761204331197 1684.0 53
1761204338156 1684.0 54
1761204345178 1684.0 55
1761204352151 1684.0 56
1761204359208 1684.0 57
1761204366194 1684.0 58
1761204373137 1684.0 59
1761204380141 1684.0 60
1761204387189 1684.0 61
1761204394115 1684.0 62
1761204401076 1684.0 63
1761204408044 1684.0 64
1761204414960 1684.0 65
1761204422003 1684.0 66
1761204428898 1684.0 67
1761204435832 1684.0 68
1761204442759 1684.0 69
1761204449771 1684.0 70
1761204456722 1684.0 71
1761204463692 1684.0 72
1761204470665 1684.0 73
1761204477648 1684.0 74
1761204484694 1684.0 75
1761204491649 1684.0 76
1761204498630 1684.0 77
1761204505606 1684.0 78
1761204512621 1684.0 79
1761204519598 1684.0 80
1761204526551 1684.0 81
1761204533518 1684.0 82
1761204540507 1684.0 83
1761204547498 1684.0 84
1761204554456 1684.0 85
1761204561427 1684.0 86
1761204568358 1684.0 87
1761204575328 1684.0 88
1761204582318 1684.0 89
1761204589233 1684.0 90
1761204596246 1684.0 91
1761204603229 1684.0 92
1761204610194 1684.0 93
1761204617134 1684.0 94
1761204624120 1684.0 95
1761204631056 1684.0 96
1761204638066 1684.0 97
1761204645066 1684.0 98
1761204652006 1684.0 99
