1771839066819 3720.0 0
1771839090856 3431.0 1
1771839116096 3431.0 2
1771839135549 3134.0 3
1771839156947 3134.0 4
1771839179246 3134.0 5
1771839203762 3134.0 6
1771839229223 3134.0 7
1771839261677 2965.0 8
1771839288168 2965.0 9
1771839320432 2965.0 10
1771839348739 2965.0 11
1771839374854 2965.0 12
1771839396397 2965.0 13
1771839425397 2965.0 14
1771839453366 2965.0 15
1771839481270 2965.0 16
1771839511538 2965.0 17
1771839542546 2965.0 18
1771839573626 2965.0 19
1771839606549 2965.0 20
1771839638065 2965.0 21
1771839669365 2965.0 22
1771839699203 2965.0 23
1771839731291 2965.0 24
1771839764179 2965.0 25
1771839796580 2965.0 26
1771839827391 2965.0 27
1771839860143 2965.0 28
1771839891368 2965.0 29
1771839921256 2965.0 30
1771839966736 2965.0 31
1771840010315 2965.0 32
1771840042522 2965.0 33
1771840074866 2965.0 34
1771840105560 2965.0 35
1771840136977 2965.0 36
1771840174981 2965.0 37
1771840202748 2965.0 38
1771840223848 2965.0 39
1771840243803 2965.0 40
1771840275420 2965.0 41
1771840316217 2965.0 42
1771840344927 2965.0 43
1771840379131 2965.0 44
1771840412536 2965.0 45
1771840445749 2965.0 46
1771840478712 2965.0 47
1771840511786 2965.0 48
1771840545932 2965.0 49
1771840580721 2965.0 50
1771840616960 2965.0 51
1771840652391 2965.0 52
1771840687668 2965.0 53
1771840721297 2965.0 54
1771840755724 2965.0 55
1771840801195 2965.0 56
1771840829986 2965.0 57
1771840854308 2965.0 58
1771840878612 2965.0 59
1771840903676 2965.0 60
1771840929021 2965.0 61
1771840953414 2965.0 62
1771840977101 2965.0 63
1771841001443 2965.0 64
1771841025376 2965.0 65
1771841049599 2965.0 66
1771841073136 2965.0 67
1771841097335 2965.0 68
1771841121657 2965.0 69
1771841145625 2965.0 70
1771841169650 2965.0 71
1771841192862 2965.0 72
1771841216078 2965.0 73
1771841239809 2965.0 74
1771841266636 2965.0 75
1771841294155 2965.0 76
1771841321762 2965.0 77
1771841349284 2965.0 78
1771841376967 2965.0 79
1771841404975 2965.0 80
1771841432649 2965.0 81
1771841460225 2965.0 82
1771841488080 2965.0 83
1771841515570 2965.0 84
1771841542875 2965.0 85
1771841570274 2965.0 86
1771841597347 2965.0 87
1771841624845 2965.0 88
1771841652176 2965.0 89
1771841680243 2965.0 90
1771841707692 2965.0 91
1771841735705 2965.0 92
1771841763085 2965.0 93
1771841790337 2965.0 94
1771841817310 2965.0 95
1771841844640 2965.0 96
1771841872566 2965.0 97
1771841900358 2965.0 98
1771841928140 2965.0 99
