1771775706878 3426.0 0
1771775729053 3132.0 1
1771775752080 3054.0 2
1771775775400 3054.0 3
1771775798810 3054.0 4
1771775823139 3054.0 5
1771775847669 3054.0 6
1771775872829 3054.0 7
1771775897973 3028.0 8
1771775923081 3028.0 9
1771775948543 3028.0 10
1771775974658 3028.0 11
1771776000830 2834.0 12
1771776027026 2834.0 13
1771776053923 2649.0 14
1771776081335 2649.0 15
1771776108460 2649.0 16
1771776135978 2649.0 17
1771776163692 2649.0 18
1771776191314 2649.0 19
1771776219784 2649.0 20
1771776247903 2649.0 21
1771776276080 2649.0 22
1771776303972 2649.0 23
1771776331674 2649.0 24
1771776359436 2649.0 25
1771776387622 2649.0 26
1771776415328 2649.0 27
1771776443591 2649.0 28
1771776471748 2649.0 29
1771776496772 2649.0 30
1771776521880 2649.0 31
1771776547088 2649.0 32
1771776572311 2649.0 33
1771776597594 2649.0 34
1771776622858 2649.0 35
1771776647915 2649.0 36
1771776673576 2649.0 37
1771776699341 2649.0 38
1771776724845 2649.0 39
1771776749881 2649.0 40
1771776775455 2649.0 41
1771776800003 2649.0 42
1771776825279 2649.0 43
1771776851300 2649.0 44
1771776876685 2649.0 45
1771776902244 2649.0 46
1771776927570 2649.0 47
1771776953365 2649.0 48
1771776978603 2649.0 49
1771777004212 2649.0 50
1771777029419 2649.0 51
1771777054675 2649.0 52
1771777079934 2649.0 53
1771777104856 2649.0 54
1771777129787 2649.0 55
1771777155003 2649.0 56
1771777180396 2649.0 57
1771777205773 2649.0 58
1771777231354 2649.0 59
1771777257130 2649.0 60
1771777282287 2649.0 61
1771777307632 2649.0 62
1771777333693 2649.0 63
1771777359345 2649.0 64
1771777384830 2649.0 65
1771777410061 2649.0 66
1771777435718 2649.0 67
1771777461307 2649.0 68
1771777486529 2649.0 69
1771777511976 2649.0 70
1771777537478 2649.0 71
1771777562523 2649.0 72
1771777587883 2649.0 73
1771777613557 2649.0 74
1771777639361 2649.0 75
1771777664547 2649.0 76
1771777689951 2649.0 77
1771777714954 2649.0 78
1771777739660 2649.0 79
1771777764462 2649.0 80
1771777790083 2649.0 81
1771777815661 2649.0 82
1771777841236 2649.0 83
1771777867120 2649.0 84
1771777892804 2649.0 85
1771777918629 2649.0 86
1771777944462 2649.0 87
1771777970034 2649.0 88
1771777995659 2649.0 89
1771778020954 2649.0 90
1771778046746 2649.0 91
1771778072662 2649.0 92
1771778098279 2649.0 93
1771778124027 2649.0 94
1771778149694 2649.0 95
1771778175485 2649.0 96
1771778200713 2649.0 97
1771778226233 2649.0 98
1771778251204 2649.0 99
