1771382464996 20985.0 0
1771382469900 19766.0 1
1771382474860 18561.0 2
1771382479803 17672.0 3
1771382484771 17385.0 4
1771382489914 17173.0 5
1771382494993 16868.0 6
1771382500060 16476.0 7
1771382505226 16376.0 8
1771382510166 16168.0 9
1771382515238 16068.0 10
1771382520341 15868.0 11
1771382525544 15862.0 12
1771382530510 15762.0 13
1771382535649 15662.0 14
1771382540745 15654.0 15
1771382545851 15554.0 16
1771382550925 15454.0 17
1771382556083 15454.0 18
1771382561340 15354.0 19
1771382566557 15354.0 20
1771382571510 15354.0 21
1771382576583 15254.0 22
1771382581737 15154.0 23
1771382586841 15054.0 24
1771382592019 14954.0 25
1771382597074 14954.0 26
1771382602184 14954.0 27
1771382607490 14854.0 28
1771382612495 14847.0 29
1771382617607 14647.0 30
1771382622749 14547.0 31
1771382627864 14446.0 32
1771382633004 14444.0 33
1771382638115 14344.0 34
1771382643349 14344.0 35
1771382648688 14244.0 36
1771382653727 14144.0 37
1771382658868 14044.0 38
1771382664071 13950.0 39
1771382669218 13846.0 40
1771382674379 13646.0 41
1771382679546 13548.0 42
1771382684772 13448.0 43
1771382690166 13446.0 44
1771382695311 13346.0 45
1771382700552 13346.0 46
1771382705840 13246.0 47
1771382711125 13246.0 48
1771382716487 13146.0 49
1771382721754 13146.0 50
1771382727094 13146.0 51
1771382732520 13146.0 52
1771382737751 13048.0 53
1771382743040 12948.0 54
1771382748406 12944.0 55
1771382753669 12746.0 56
1771382758943 12646.0 57
1771382764294 12646.0 58
1771382769591 12646.0 59
1771382775059 12546.0 60
1771382780228 12446.0 61
1771382785498 12346.0 62
1771382790786 12248.0 63
1771382796107 12246.0 64
1771382801344 12146.0 65
1771382806750 12048.0 66
1771382811927 12046.0 67
1771382817318 11948.0 68
1771382822720 11939.0 69
1771382827772 11839.0 70
1771382833086 11839.0 71
1771382838369 11739.0 72
1771382843703 11739.0 73
1771382849098 11639.0 74
1771382854349 11639.0 75
1771382859857 11539.0 76
1771382865029 11339.0 77
1771382870446 11339.0 78
1771382875816 11239.0 79
1771382881249 11239.0 80
1771382886610 11152.0 81
1771382892075 11039.0 82
1771382897532 10939.0 83
1771382902959 10839.0 84
1771382908503 10738.0 85
1771382913840 10553.0 86
1771382919392 10353.0 87
1771382924946 10348.0 88
1771382930520 10348.0 89
1771382936046 10248.0 90
1771382941606 10156.0 91
1771382947142 10056.0 92
1771382952880 10054.0 93
1771382958191 9956.0 94
1771382963703 9954.0 95
1771382969183 9948.0 96
1771382974648 9864.0 97
1771382980171 9764.0 98
1771382985650 9756.0 99
