1761108841891 20613.0 0
1761108846578 20126.0 1
1761108851417 20027.0 2
1761108856394 19060.0 3
1761108861259 18666.0 4
1761108865921 18366.0 5
1761108870650 17966.0 6
1761108875750 17856.0 7
1761108880894 17656.0 8
1761108885949 17564.0 9
1761108891120 17364.0 10
1761108896011 17264.0 11
1761108900953 17264.0 12
1761108906147 17164.0 13
1761108911049 17158.0 14
1761108915942 17058.0 15
1761108921130 16958.0 16
1761108926017 16858.0 17
1761108931049 16858.0 18
1761108936034 16758.0 19
1761108940860 16758.0 20
1761108945604 16758.0 21
1761108950645 16558.0 22
1761108955536 16458.0 23
1761108960478 16343.0 24
1761108965380 16342.0 25
1761108970235 16342.0 26
1761108975004 16342.0 27
1761108980098 16242.0 28
1761108985018 16142.0 29
1761108989807 16044.0 30
1761108994629 15944.0 31
1761108999584 15844.0 32
1761109004338 15742.0 33
1761109009134 15642.0 34
1761109014034 15542.0 35
1761109018869 15442.0 36
1761109023768 15342.0 37
1761109028776 15242.0 38
1761109033628 15142.0 39
1761109038445 15042.0 40
1761109043438 14842.0 41
1761109048366 14842.0 42
1761109053311 14742.0 43
1761109058410 14634.0 44
1761109063347 14634.0 45
1761109068300 14634.0 46
1761109073345 14534.0 47
1761109078369 14434.0 48
1761109083431 14434.0 49
1761109088405 14334.0 50
1761109093464 14232.0 51
1761109098440 14124.0 52
1761109103446 14124.0 53
1761109108474 14022.0 54
1761109113382 13922.0 55
1761109118308 13922.0 56
1761109123419 13822.0 57
1761109128330 13722.0 58
1761109133572 13622.0 59
1761109136799 13522.0 60
1761109138960 13422.0 61
1761109141112 13322.0 62
1761109143346 13322.0 63
1761109145539 13222.0 64
1761109147691 13122.0 65
1761109149915 13022.0 66
1761109152095 12922.0 67
1761109154271 12922.0 68
1761109156440 12922.0 69
1761109158666 12824.0 70
1761109160826 12824.0 71
1761109162969 12808.0 72
1761109165193 12808.0 73
1761109167345 12706.0 74
1761109169459 12704.0 75
1761109171660 12606.0 76
1761109173768 12598.0 77
1761109175900 12598.0 78
1761109178093 12498.0 79
1761109180212 12405.0 80
1761109182359 12403.0 81
1761109184569 12305.0 82
1761109186755 12303.0 83
1761109188890 12203.0 84
1761109191100 12203.0 85
1761109193215 12203.0 86
1761109195338 12103.0 87
1761109197591 12004.0 88
1761109199736 11904.0 89
1761109201888 11904.0 90
1761109204012 11904.0 91
1761109206218 11804.0 92
1761109208393 11704.0 93
1761109210522 11704.0 94
1761109212740 11604.0 95
1761109214874 11602.0 96
1761109216983 11502.0 97
1761109219253 11494.0 98
1761109221388 11494.0 99
