1761210174239 3331.0 0
1761210174745 3331.0 1
1761210175180 3331.0 2
1761210175621 3331.0 3
1761210176058 3331.0 4
1761210176495 3331.0 5
1761210176911 3331.0 6
1761210177333 3331.0 7
1761210177765 3331.0 8
1761210178189 3331.0 9
1761210178624 3331.0 10
1761210179043 3331.0 11
1761210179491 3331.0 12
1761210179928 3331.0 13
1761210180352 3331.0 14
1761210180766 3331.0 15
1761210181179 3331.0 16
1761210181590 3331.0 17
1761210181998 3331.0 18
1761210182413 3331.0 19
1761210182837 3331.0 20
1761210183246 3331.0 21
1761210183681 3331.0 22
1761210184105 3331.0 23
1761210184530 3331.0 24
1761210184952 3331.0 25
1761210185392 3331.0 26
1761210185823 3331.0 27
1761210186259 3331.0 28
1761210186697 3331.0 29
1761210187142 3331.0 30
1761210187568 3331.0 31
1761210188021 3331.0 32
1761210188465 3331.0 33
1761210188911 3331.0 34
1761210189359 3331.0 35
1761210189807 3331.0 36
1761210190254 3331.0 37
1761210190697 3331.0 38
1761210191138 3331.0 39
1761210191569 3331.0 40
1761210192004 3331.0 41
1761210192432 3331.0 42
1761210192859 3331.0 43
1761210193287 3331.0 44
1761210193717 3331.0 45
1761210194154 3331.0 46
1761210194596 3331.0 47
1761210195040 3331.0 48
1761210195487 3331.0 49
1761210195941 3331.0 50
1761210196381 3331.0 51
1761210196823 3331.0 52
1761210197254 3331.0 53
1761210197689 3331.0 54
1761210198128 3331.0 55
1761210198570 3331.0 56
1761210198998 3331.0 57
1761210199458 3331.0 58
1761210199891 3331.0 59
1761210200323 3331.0 60
1761210200756 3331.0 61
1761210201185 3331.0 62
1761210201617 3331.0 63
1761210202053 3331.0 64
1761210202481 3331.0 65
1761210202911 3331.0 66
1761210203353 3331.0 67
1761210203788 3331.0 68
1761210204227 3331.0 69
1761210204668 3331.0 70
1761210205100 3331.0 71
1761210205538 3331.0 72
1761210205971 3331.0 73
1761210206410 3331.0 74
1761210206857 3331.0 75
1761210207293 3331.0 76
1761210207723 3331.0 77
1761210208163 3331.0 78
1761210208599 3331.0 79
1761210209035 3331.0 80
1761210209479 3331.0 81
1761210209917 3331.0 82
1761210210352 3331.0 83
1761210210795 3331.0 84
1761210211232 3331.0 85
1761210211662 3331.0 86
1761210212093 3331.0 87
1761210212526 3331.0 88
1761210212952 3331.0 89
1761210213384 3331.0 90
1761210213822 3331.0 91
1761210214259 3331.0 92
1761210214696 3331.0 93
1761210215132 3331.0 94
1761210215572 3331.0 95
1761210216022 3331.0 96
1761210216466 3331.0 97
1761210216911 3331.0 98
1761210217363 3331.0 99
