1761114469840 20612.0 0
1761114471859 20612.0 1
1761114473643 20612.0 2
1761114475461 20612.0 3
1761114477271 20612.0 4
1761114479114 20612.0 5
1761114480913 20612.0 6
1761114482701 20612.0 7
1761114484509 20612.0 8
1761114486316 20612.0 9
1761114488099 20612.0 10
1761114489925 20612.0 11
1761114491744 20612.0 12
1761114493537 20612.0 13
1761114495328 20612.0 14
1761114497125 20612.0 15
1761114498943 20612.0 16
1761114500764 20612.0 17
1761114502562 20612.0 18
1761114504365 20612.0 19
1761114506153 20612.0 20
1761114507932 20612.0 21
1761114509743 20612.0 22
1761114511559 20612.0 23
1761114513365 20612.0 24
1761114515154 20612.0 25
1761114516944 20612.0 26
1761114518755 20612.0 27
1761114520586 20612.0 28
1761114522445 20612.0 29
1761114524235 20612.0 30
1761114526048 20612.0 31
1761114527839 20612.0 32
1761114529628 20612.0 33
1761114531452 20612.0 34
1761114533252 20612.0 35
1761114535045 20612.0 36
1761114536854 20612.0 37
1761114538660 20612.0 38
1761114540466 20612.0 39
1761114542305 20612.0 40
1761114544107 20612.0 41
1761114545902 20612.0 42
1761114547715 20612.0 43
1761114549525 20612.0 44
1761114551383 20612.0 45
1761114553244 20612.0 46
1761114555029 20612.0 47
1761114556816 20612.0 48
1761114558611 20612.0 49
1761114560392 20612.0 50
1761114562167 20612.0 51
1761114563977 20612.0 52
1761114565756 20612.0 53
1761114567561 20612.0 54
1761114569334 20612.0 55
1761114571131 20612.0 56
1761114572947 20612.0 57
1761114574742 20612.0 58
1761114576523 20612.0 59
1761114578316 20612.0 60
1761114580119 20612.0 61
1761114581928 20612.0 62
1761114583755 20612.0 63
1761114585559 20612.0 64
1761114587342 20612.0 65
1761114589142 20612.0 66
1761114590950 20612.0 67
1761114592753 20612.0 68
1761114594563 20612.0 69
1761114596358 20612.0 70
1761114598157 20612.0 71
1761114599947 20612.0 72
1761114601737 20612.0 73
1761114603538 20612.0 74
1761114605406 20612.0 75
1761114607219 20612.0 76
1761114609022 20612.0 77
1761114610854 20612.0 78
1761114612671 20612.0 79
1761114614485 20612.0 80
1761114616305 20612.0 81
1761114618097 20612.0 82
1761114619876 20612.0 83
1761114621674 20612.0 84
1761114623461 20612.0 85
1761114625292 20612.0 86
1761114627112 20612.0 87
1761114628918 20612.0 88
1761114630712 20612.0 89
1761114632494 20612.0 90
1761114634291 20612.0 91
1761114636117 20612.0 92
1761114637902 20612.0 93
1761114639698 20612.0 94
1761114641494 20612.0 95
1761114643286 20612.0 96
1761114645100 20612.0 97
1761114646951 20612.0 98
1761114648757 20612.0 99
