1761206427404 2350.0 0
1761206433313 2077.0 1
1761206439362 2077.0 2
1761206445471 1885.0 3
1761206451833 1885.0 4
1761206458164 1782.0 5
1761206464573 1782.0 6
1761206471060 1663.0 7
1761206477677 1663.0 8
1761206484288 1663.0 9
1761206490924 1663.0 10
1761206497601 1663.0 11
1761206504365 1663.0 12
1761206511240 1663.0 13
1761206518090 1663.0 14
1761206524921 1663.0 15
1761206531745 1663.0 16
1761206538659 1663.0 17
1761206545643 1663.0 18
1761206552536 1663.0 19
1761206559459 1663.0 20
1761206566450 1663.0 21
1761206573475 1663.0 22
1761206580437 1663.0 23
1761206587366 1663.0 24
1761206594282 1663.0 25
1761206601277 1663.0 26
1761206608277 1663.0 27
1761206615274 1663.0 28
1761206622307 1663.0 29
1761206629322 1663.0 30
1761206636378 1663.0 31
1761206643388 1663.0 32
1761206650409 1663.0 33
1761206657440 1663.0 34
1761206664550 1663.0 35
1761206671616 1663.0 36
1761206678633 1663.0 37
1761206685600 1663.0 38
1761206692649 1663.0 39
1761206699672 1663.0 40
1761206706702 1663.0 41
1761206713719 1663.0 42
1761206720732 1663.0 43
1761206727805 1663.0 44
1761206734770 1663.0 45
1761206741721 1663.0 46
1761206748798 1663.0 47
1761206755835 1663.0 48
1761206762835 1663.0 49
1761206769778 1663.0 50
1761206776712 1663.0 51
1761206783690 1663.0 52
1761206790869 1663.0 53
1761206797795 1663.0 54
1761206804762 1663.0 55
1761206811721 1663.0 56
1761206818760 1663.0 57
1761206825773 1663.0 58
1761206832767 1663.0 59
1761206839760 1663.0 60
1761206846756 1663.0 61
1761206853740 1663.0 62
1761206860713 1663.0 63
1761206867740 1663.0 64
1761206874720 1663.0 65
1761206881836 1663.0 66
1761206888824 1663.0 67
1761206895820 1663.0 68
1761206902770 1663.0 69
1761206909786 1663.0 70
1761206916742 1663.0 71
1761206923707 1663.0 72
1761206930639 1663.0 73
1761206937594 1663.0 74
1761206944676 1663.0 75
1761206951623 1663.0 76
1761206958568 1663.0 77
1761206965497 1663.0 78
1761206972467 1663.0 79
1761206979497 1663.0 80
1761206986441 1663.0 81
1761206993387 1663.0 82
1761207000380 1663.0 83
1761207007413 1663.0 84
1761207014412 1663.0 85
1761207021408 1663.0 86
1761207028387 1663.0 87
1761207035411 1663.0 88
1761207042399 1663.0 89
1761207049339 1663.0 90
1761207056258 1663.0 91
1761207063242 1663.0 92
1761207070209 1663.0 93
1761207077129 1663.0 94
1761207084084 1663.0 95
1761207091048 1663.0 96
1761207097995 1663.0 97
1761207104978 1663.0 98
1761207111941 1663.0 99
