1771842162063 3064.0 0
1771842163393 2725.0 1
1771842164751 2317.0 2
1771842166191 2095.0 3
1771842167478 1811.0 4
1771842168860 1711.0 5
1771842170413 1602.0 6
1771842171837 1502.0 7
1771842173255 1502.0 8
1771842174772 1495.0 9
1771842176169 1395.0 10
1771842177718 1395.0 11
1771842179094 1395.0 12
1771842180530 1395.0 13
1771842182100 1295.0 14
1771842183481 1295.0 15
1771842184941 1195.0 16
1771842186478 1193.0 17
1771842187903 1093.0 18
1771842189474 1093.0 19
1771842190806 993.0 20
1771842192244 993.0 21
1771842193712 993.0 22
1771842195103 993.0 23
1771842196570 993.0 24
1771842198071 993.0 25
1771842199444 993.0 26
1771842200916 993.0 27
1771842202418 993.0 28
1771842203807 993.0 29
1771842205254 993.0 30
1771842206634 993.0 31
1771842208020 993.0 32
1771842209547 993.0 33
1771842210941 993.0 34
1771842212380 993.0 35
1771842213873 993.0 36
1771842215255 993.0 37
1771842216803 993.0 38
1771842218199 993.0 39
1771842219685 993.0 40
1771842221205 893.0 41
1771842222601 893.0 42
1771842223962 893.0 43
1771842225444 893.0 44
1771842226908 893.0 45
1771842228452 893.0 46
1771842229773 893.0 47
1771842231116 893.0 48
1771842232552 793.0 49
1771842233954 793.0 50
1771842235286 793.0 51
1771842236771 789.0 52
1771842238126 789.0 53
1771842239459 789.0 54
1771842240927 789.0 55
1771842242240 689.0 56
1771842243699 687.0 57
1771842245039 589.0 58
1771842246391 587.0 59
1771842247818 587.0 60
1771842249193 587.0 61
1771842250512 487.0 62
1771842251935 485.0 63
1771842253262 485.0 64
1771842254635 485.0 65
1771842256028 485.0 66
1771842257325 485.0 67
1771842258778 485.0 68
1771842260079 485.0 69
1771842261416 485.0 70
1771842262822 478.0 71
1771842264108 478.0 72
1771842265370 478.0 73
1771842266759 478.0 74
1771842268053 478.0 75
1771842269521 478.0 76
1771842270785 478.0 77
1771842272056 478.0 78
1771842273518 478.0 79
1771842274854 478.0 80
1771842276127 478.0 81
1771842277513 478.0 82
1771842278819 478.0 83
1771842280252 478.0 84
1771842281538 478.0 85
1771842282828 478.0 86
1771842284218 478.0 87
1771842285562 478.0 88
1771842286836 478.0 89
1771842288250 478.0 90
1771842289581 478.0 91
1771842290886 478.0 92
1771842292332 478.0 93
1771842293605 478.0 94
1771842294998 478.0 95
1771842296273 478.0 96
1771842297533 478.0 97
1771842298941 478.0 98
1771842300290 478.0 99
