1773045502372 20705.0 0
1773045509360 19817.0 1
1773045517589 18692.0 2
1773045525694 17703.0 3
1773045533170 16889.0 4
1773045540160 16494.0 5
1773045546346 16302.0 6
1773045552548 16102.0 7
1773045559727 16002.0 8
1773045567923 15802.0 9
1773045576607 15802.0 10
1773045584283 15702.0 11
1773045590831 15702.0 12
1773045597257 15602.0 13
1773045603964 15602.0 14
1773045610942 15502.0 15
1773045617068 15497.0 16
1773045625425 15402.0 17
1773045633671 15392.0 18
1773045641323 15387.0 19
1773045648806 15292.0 20
1773045654946 15287.0 21
1773045662028 15187.0 22
1773045668334 15105.0 23
1773045674662 15005.0 24
1773045681288 14910.0 25
1773045689172 14905.0 26
1773045702402 14805.0 27
1773045712209 14607.0 28
1773045718770 14607.0 29
1773045723994 14507.0 30
1773045729131 14407.0 31
1773045734518 14397.0 32
1773045740018 14297.0 33
1773045745578 14097.0 34
1773045750803 13997.0 35
1773045755931 13898.0 36
1773045761171 13798.0 37
1773045766640 13698.0 38
1773045772070 13598.0 39
1773045777661 13598.0 40
1773045783295 13598.0 41
1773045788516 13483.0 42
1773045793594 13483.0 43
1773045799078 13383.0 44
1773045804535 13283.0 45
1773045810027 13178.0 46
1773045815578 13078.0 47
1773045820513 12978.0 48
1773045825910 12878.0 49
1773045831289 12878.0 50
1773045836636 12870.0 51
1773045841690 12770.0 52
1773045846837 12670.0 53
1773045851934 12670.0 54
1773045857177 12670.0 55
1773045865263 12670.0 56
1773045875007 12570.0 57
1773045882601 12470.0 58
1773045890668 12465.0 59
1773045896920 12371.0 60
1773045903965 12271.0 61
1773045911967 12271.0 62
1773045917731 12171.0 63
1773045923948 12163.0 64
1773045929670 12163.0 65
1773045935318 12063.0 66
1773045940771 11963.0 67
1773045946332 11963.0 68
1773045952260 11956.0 69
1773045957920 11863.0 70
1773045964122 11756.0 71
1773045969598 11649.0 72
1773045975013 11549.0 73
1773045980252 11549.0 74
1773045985461 11449.0 75
1773045990774 11449.0 76
1773045996630 11449.0 77
1773046002145 11367.0 78
1773046007575 11365.0 79
1773046012618 11365.0 80
1773046018096 11263.0 81
1773046023821 11165.0 82
1773046028915 11063.0 83
1773046033998 10963.0 84
1773046039326 10963.0 85
1773046044307 10863.0 86
1773046049496 10763.0 87
1773046055467 10763.0 88
1773046062503 10663.0 89
1773046071275 10557.0 90
1773046077224 10555.0 91
1773046082934 10455.0 92
1773046088531 10355.0 93
1773046093944 10255.0 94
1773046099286 10255.0 95
1773046106583 10155.0 96
1773046114918 10155.0 97
1773046123115 10148.0 98
1773046130171 10048.0 99
