1771906001939 3150.0 0
1771906003261 2835.0 1
1771906004449 2562.0 2
1771906005737 2262.0 3
1771906006921 2154.0 4
1771906008132 2054.0 5
1771906009414 1954.0 6
1771906010560 1954.0 7
1771906011720 1954.0 8
1771906013069 1948.0 9
1771906014211 1948.0 10
1771906015327 1848.0 11
1771906016557 1748.0 12
1771906017745 1748.0 13
1771906019117 1748.0 14
1771906020305 1648.0 15
1771906021488 1548.0 16
1771906022814 1450.0 17
1771906024013 1450.0 18
1771906025239 1445.0 19
1771906026542 1357.0 20
1771906027814 1257.0 21
1771906029185 1252.0 22
1771906030456 1247.0 23
1771906031733 1245.0 24
1771906033143 1237.0 25
1771906034389 1237.0 26
1771906035617 1232.0 27
1771906036951 1232.0 28
1771906038217 1226.0 29
1771906039570 1226.0 30
1771906040859 1132.0 31
1771906042126 1126.0 32
1771906043573 1126.0 33
1771906044858 1126.0 34
1771906046106 1121.0 35
1771906047428 1119.0 36
1771906048693 1117.0 37
1771906049992 1117.0 38
1771906051178 1117.0 39
1771906052370 1117.0 40
1771906053681 1110.0 41
1771906054889 1110.0 42
1771906056108 1110.0 43
1771906057355 1110.0 44
1771906058527 1110.0 45
1771906059708 1108.0 46
1771906060994 1106.0 47
1771906062154 1106.0 48
1771906063428 1106.0 49
1771906064620 1106.0 50
1771906065788 1106.0 51
1771906067120 1013.0 52
1771906068303 1013.0 53
1771906069508 1007.0 54
1771906070780 1005.0 55
1771906071921 907.0 56
1771906073177 810.0 57
1771906074352 810.0 58
1771906075533 809.0 59
1771906076819 809.0 60
1771906078067 809.0 61
1771906079251 709.0 62
1771906080602 709.0 63
1771906081790 709.0 64
1771906082952 709.0 65
1771906084205 709.0 66
1771906085381 702.0 67
1771906086677 702.0 68
1771906087899 702.0 69
1771906089077 609.0 70
1771906090467 609.0 71
1771906091695 609.0 72
1771906092913 609.0 73
1771906094223 609.0 74
1771906095412 509.0 75
1771906096706 509.0 76
1771906097972 502.0 77
1771906099150 502.0 78
1771906100435 502.0 79
1771906101706 402.0 80
1771906102887 402.0 81
1771906104175 402.0 82
1771906105385 402.0 83
1771906106697 402.0 84
1771906107891 402.0 85
1771906109127 402.0 86
1771906110442 402.0 87
1771906111625 402.0 88
1771906112787 402.0 89
1771906114079 402.0 90
1771906115320 402.0 91
1771906116595 402.0 92
1771906117802 402.0 93
1771906119048 402.0 94
1771906120357 402.0 95
1771906121522 397.0 96
1771906122699 397.0 97
1771906123958 397.0 98
1771906125155 397.0 99
