1761199575696 3235.0 0
1761199576192 3235.0 1
1761199576601 3235.0 2
1761199577021 3235.0 3
1761199577445 3235.0 4
1761199577868 3235.0 5
1761199578280 3235.0 6
1761199578704 3235.0 7
1761199579118 3235.0 8
1761199579540 3235.0 9
1761199579964 3235.0 10
1761199580377 3235.0 11
1761199580795 3235.0 12
1761199581201 3235.0 13
1761199581625 3235.0 14
1761199582036 3235.0 15
1761199582449 3235.0 16
1761199582874 3235.0 17
1761199583284 3235.0 18
1761199583693 3235.0 19
1761199584103 3235.0 20
1761199584511 3235.0 21
1761199584915 3235.0 22
1761199585325 3235.0 23
1761199585738 3235.0 24
1761199586160 3235.0 25
1761199586579 3235.0 26
1761199586997 3235.0 27
1761199587410 3235.0 28
1761199587815 3235.0 29
1761199588231 3235.0 30
1761199588632 3235.0 31
1761199589029 3235.0 32
1761199589419 3235.0 33
1761199589807 3235.0 34
1761199590191 3235.0 35
1761199590593 3235.0 36
1761199590988 3235.0 37
1761199591378 3235.0 38
1761199591787 3235.0 39
1761199592187 3235.0 40
1761199592610 3235.0 41
1761199593015 3235.0 42
1761199593415 3235.0 43
1761199593804 3235.0 44
1761199594201 3235.0 45
1761199594631 3235.0 46
1761199595037 3235.0 47
1761199595451 3235.0 48
1761199595862 3235.0 49
1761199596261 3235.0 50
1761199596663 3235.0 51
1761199597085 3235.0 52
1761199597496 3235.0 53
1761199597929 3235.0 54
1761199598345 3235.0 55
1761199598750 3235.0 56
1761199599161 3235.0 57
1761199599563 3235.0 58
1761199599983 3235.0 59
1761199600377 3235.0 60
1761199600785 3235.0 61
1761199601197 3235.0 62
1761199601586 3235.0 63
1761199601983 3235.0 64
1761199602393 3235.0 65
1761199602785 3235.0 66
1761199603172 3235.0 67
1761199603560 3235.0 68
1761199603976 3235.0 69
1761199604379 3235.0 70
1761199604794 3235.0 71
1761199605208 3235.0 72
1761199605624 3235.0 73
1761199606038 3235.0 74
1761199606458 3235.0 75
1761199606866 3235.0 76
1761199607289 3235.0 77
1761199607700 3235.0 78
1761199608135 3235.0 79
1761199608563 3235.0 80
1761199608980 3235.0 81
1761199609399 3235.0 82
1761199609813 3235.0 83
1761199610238 3235.0 84
1761199610656 3235.0 85
1761199611071 3235.0 86
1761199611486 3235.0 87
1761199611907 3235.0 88
1761199612313 3235.0 89
1761199612740 3235.0 90
1761199613151 3235.0 91
1761199613564 3235.0 92
1761199613972 3235.0 93
1761199614381 3235.0 94
1761199614793 3235.0 95
1761199615198 3235.0 96
1761199615603 3235.0 97
1761199616013 3235.0 98
1761199616428 3235.0 99
