1761280257175 1788.0 0
1761280257568 1574.0 1
1761280257958 1566.0 2
1761280258370 1177.0 3
1761280258818 1068.0 4
1761280259221 976.0 5
1761280259631 868.0 6
1761280260067 868.0 7
1761280260564 861.0 8
1761280261014 861.0 9
1761280261445 853.0 10
1761280261888 853.0 11
1761280262313 848.0 12
1761280262719 748.0 13
1761280263153 748.0 14
1761280263583 742.0 15
1761280263979 642.0 16
1761280264409 640.0 17
1761280264887 640.0 18
1761280265276 640.0 19
1761280265696 640.0 20
1761280266133 640.0 21
1761280266541 640.0 22
1761280266939 640.0 23
1761280267347 640.0 24
1761280267781 640.0 25
1761280268208 640.0 26
1761280268684 640.0 27
1761280269068 640.0 28
1761280269457 640.0 29
1761280269842 540.0 30
1761280270257 540.0 31
1761280270700 540.0 32
1761280271138 540.0 33
1761280271546 540.0 34
1761280271955 540.0 35
1761280272389 538.0 36
1761280272858 444.0 37
1761280273251 444.0 38
1761280273664 444.0 39
1761280274085 444.0 40
1761280274590 444.0 41
1761280275029 444.0 42
1761280275444 444.0 43
1761280275856 444.0 44
1761280276254 444.0 45
1761280276754 444.0 46
1761280277169 444.0 47
1761280277563 444.0 48
1761280277960 444.0 49
1761280278399 444.0 50
1761280278815 444.0 51
1761280279214 444.0 52
1761280279679 444.0 53
1761280280089 444.0 54
1761280280561 444.0 55
1761280281015 444.0 56
1761280281434 444.0 57
1761280281814 444.0 58
1761280282234 444.0 59
1761280282639 444.0 60
1761280283058 444.0 61
1761280283466 444.0 62
1761280283872 444.0 63
1761280284265 444.0 64
1761280284735 444.0 65
1761280285127 444.0 66
1761280285567 444.0 67
1761280285995 444.0 68
1761280286410 444.0 69
1761280286846 444.0 70
1761280287244 344.0 71
1761280287693 344.0 72
1761280288085 344.0 73
1761280288566 344.0 74
1761280289004 338.0 75
1761280289423 338.0 76
1761280289845 338.0 77
1761280290314 338.0 78
1761280290748 338.0 79
1761280291205 338.0 80
1761280291619 338.0 81
1761280292035 338.0 82
1761280292440 338.0 83
1761280292898 338.0 84
1761280293302 336.0 85
1761280293775 336.0 86
1761280294184 336.0 87
1761280294577 336.0 88
1761280295010 336.0 89
1761280295430 336.0 90
1761280295815 336.0 91
1761280296256 336.0 92
1761280296754 336.0 93
1761280297195 336.0 94
1761280297623 336.0 95
1761280298057 336.0 96
1761280298506 336.0 97
1761280298945 336.0 98
1761280299346 336.0 99
