1761185219079 20629.0 0
1761185222533 20629.0 1
1761185225962 20629.0 2
1761185229444 20429.0 3
1761185232937 20337.0 4
1761185236447 20237.0 5
1761185239914 20237.0 6
1761185243469 20237.0 7
1761185246890 20237.0 8
1761185250316 20237.0 9
1761185253774 20135.0 10
1761185257243 20133.0 11
1761185260776 19933.0 12
1761185264256 19933.0 13
1761185267751 19531.0 14
1761185271237 19531.0 15
1761185274747 19431.0 16
1761185278323 19333.0 17
1761185281825 19233.0 18
1761185285322 19133.0 19
1761185288813 19133.0 20
1761185292314 18821.0 21
1761185295865 18821.0 22
1761185299385 18821.0 23
1761185302882 18721.0 24
1761185306399 18636.0 25
1761185309983 18636.0 26
1761185313555 18443.0 27
1761185317124 18443.0 28
1761185320636 18443.0 29
1761185324299 18351.0 30
1761185327779 18258.0 31
1761185331248 18258.0 32
1761185334768 18258.0 33
1761185338267 18258.0 34
1761185341831 18258.0 35
1761185345362 18258.0 36
1761185348872 18258.0 37
1761185352387 18058.0 38
1761185355972 18058.0 39
1761185359502 18058.0 40
1761185362998 18058.0 41
1761185366531 18058.0 42
1761185370079 18051.0 43
1761185373724 17951.0 44
1761185377292 17951.0 45
1761185380793 17851.0 46
1761185384295 17751.0 47
1761185387913 17751.0 48
1761185391485 17653.0 49
1761185395034 17453.0 50
1761185398612 17341.0 51
1761185402150 17241.0 52
1761185405785 17239.0 53
1761185409395 17239.0 54
1761185412942 17239.0 55
1761185416515 17239.0 56
1761185420098 17138.0 57
1761185423723 17038.0 58
1761185427285 17030.0 59
1761185430849 17030.0 60
1761185434407 16930.0 61
1761185438045 16930.0 62
1761185441601 16930.0 63
1761185445171 16930.0 64
1761185448725 16930.0 65
1761185452312 16830.0 66
1761185455875 16830.0 67
1761185459515 16725.0 68
1761185463064 16619.0 69
1761185466629 16619.0 70
1761185470255 16521.0 71
1761185473817 16421.0 72
1761185477463 16421.0 73
1761185481045 16321.0 74
1761185484650 16321.0 75
1761185488218 16321.0 76
1761185491829 16321.0 77
1761185495481 16216.0 78
1761185499072 16216.0 79
1761185502665 16216.0 80
1761185506313 16116.0 81
1761185509919 16116.0 82
1761185513584 16017.0 83
1761185517179 16017.0 84
1761185520759 16017.0 85
1761185524326 16017.0 86
1761185527921 16017.0 87
1761185531499 16008.0 88
1761185535176 16008.0 89
1761185538755 16008.0 90
1761185542377 16008.0 91
1761185546012 16008.0 92
1761185549604 16008.0 93
1761185553297 16008.0 94
1761185556897 16008.0 95
1761185560529 15808.0 96
1761185564178 15808.0 97
1761185567796 15706.0 98
1761185571387 15706.0 99
