1761202219440 2065.0 0
1761202220032 2065.0 1
1761202220626 2065.0 2
1761202221217 2065.0 3
1761202221806 1986.0 4
1761202222410 1886.0 5
1761202222991 1886.0 6
1761202223579 1886.0 7
1761202224164 1794.0 8
1761202224756 1794.0 9
1761202225339 1794.0 10
1761202225940 1794.0 11
1761202226530 1748.0 12
1761202227129 1648.0 13
1761202227726 1648.0 14
1761202228319 1352.0 15
1761202228913 1352.0 16
1761202229533 1352.0 17
1761202230122 1352.0 18
1761202230710 1352.0 19
1761202231290 1352.0 20
1761202231891 1352.0 21
1761202232485 1352.0 22
1761202233072 1252.0 23
1761202233659 1252.0 24
1761202234263 1252.0 25
1761202234853 1252.0 26
1761202235444 1252.0 27
1761202236042 1250.0 28
1761202236625 1250.0 29
1761202237214 1152.0 30
1761202237813 1152.0 31
1761202238396 1058.0 32
1761202238992 1058.0 33
1761202239569 1050.0 34
1761202240133 1050.0 35
1761202240709 1050.0 36
1761202241277 1050.0 37
1761202241847 1050.0 38
1761202242417 1050.0 39
1761202243000 1050.0 40
1761202243588 1050.0 41
1761202244158 1050.0 42
1761202244742 1050.0 43
1761202245318 1050.0 44
1761202245894 950.0 45
1761202246481 950.0 46
1761202247072 950.0 47
1761202247667 950.0 48
1761202248285 950.0 49
1761202248874 950.0 50
1761202249473 850.0 51
1761202250053 850.0 52
1761202250645 850.0 53
1761202251228 850.0 54
1761202251809 850.0 55
1761202252378 850.0 56
1761202252972 850.0 57
1761202253558 850.0 58
1761202254161 850.0 59
1761202254739 850.0 60
1761202255334 850.0 61
1761202255910 850.0 62
1761202256495 850.0 63
1761202257085 850.0 64
1761202257653 850.0 65
1761202258246 850.0 66
1761202258840 850.0 67
1761202259405 850.0 68
1761202259991 850.0 69
1761202260585 850.0 70
1761202261161 850.0 71
1761202261738 850.0 72
1761202262325 850.0 73
1761202262905 850.0 74
1761202263464 850.0 75
1761202264046 850.0 76
1761202264634 850.0 77
1761202265220 850.0 78
1761202265827 850.0 79
1761202266405 850.0 80
1761202266991 850.0 81
1761202267597 753.0 82
1761202268187 753.0 83
1761202268781 653.0 84
1761202269367 653.0 85
1761202269931 653.0 86
1761202270520 653.0 87
1761202271098 645.0 88
1761202271683 645.0 89
1761202272258 645.0 90
1761202272839 640.0 91
1761202273420 640.0 92
1761202273999 640.0 93
1761202274579 640.0 94
1761202275166 640.0 95
1761202275760 640.0 96
1761202276358 640.0 97
1761202277004 640.0 98
1761202277589 640.0 99
