1761200837143 1388.0 0
1761200841485 1388.0 1
1761200845957 1388.0 2
1761200850466 1388.0 3
1761200855036 1388.0 4
1761200859758 1388.0 5
1761200864448 1388.0 6
1761200869195 1388.0 7
1761200873949 1388.0 8
1761200878719 1388.0 9
1761200883586 1388.0 10
1761200888457 1388.0 11
1761200893368 1388.0 12
1761200898313 1388.0 13
1761200903276 1388.0 14
1761200908242 1388.0 15
1761200913303 1388.0 16
1761200918392 1388.0 17
1761200923458 1388.0 18
1761200928536 1388.0 19
1761200933630 1388.0 20
1761200938741 1388.0 21
1761200943873 1388.0 22
1761200948998 1388.0 23
1761200954063 1388.0 24
1761200959120 1388.0 25
1761200964203 1388.0 26
1761200969372 1388.0 27
1761200974454 1388.0 28
1761200979581 1388.0 29
1761200984683 1388.0 30
1761200989789 1388.0 31
1761200994873 1388.0 32
1761201000033 1388.0 33
1761201005145 1388.0 34
1761201010248 1388.0 35
1761201015402 1388.0 36
1761201020525 1388.0 37
1761201025631 1388.0 38
1761201030688 1388.0 39
1761201035784 1388.0 40
1761201040800 1388.0 41
1761201045921 1388.0 42
1761201051071 1388.0 43
1761201056201 1388.0 44
1761201061273 1388.0 45
1761201066524 1388.0 46
1761201071860 1388.0 47
1761201077588 1388.0 48
1761201084339 1388.0 49
1761201091242 1388.0 50
1761201097661 1388.0 51
1761201103388 1388.0 52
1761201108473 1388.0 53
1761201113582 1388.0 54
1761201118708 1388.0 55
1761201123791 1388.0 56
1761201128935 1388.0 57
1761201134011 1388.0 58
1761201139075 1388.0 59
1761201144208 1388.0 60
1761201149340 1388.0 61
1761201154437 1388.0 62
1761201159499 1388.0 63
1761201164659 1388.0 64
1761201169696 1388.0 65
1761201174863 1388.0 66
1761201180027 1388.0 67
1761201185142 1388.0 68
1761201190300 1388.0 69
1761201195439 1388.0 70
1761201200613 1388.0 71
1761201205837 1388.0 72
1761201211005 1388.0 73
1761201216180 1388.0 74
1761201221374 1388.0 75
1761201226512 1388.0 76
1761201231732 1388.0 77
1761201236888 1388.0 78
1761201242042 1388.0 79
1761201247220 1388.0 80
1761201252435 1388.0 81
1761201257577 1388.0 82
1761201262804 1388.0 83
1761201267929 1388.0 84
1761201273069 1388.0 85
1761201278224 1388.0 86
1761201283402 1388.0 87
1761201288629 1388.0 88
1761201293810 1388.0 89
1761201298967 1388.0 90
1761201304130 1388.0 91
1761201309311 1388.0 92
1761201314494 1388.0 93
1761201319700 1388.0 94
1761201324883 1388.0 95
1761201330062 1388.0 96
1761201335258 1388.0 97
1761201340512 1388.0 98
1761201345791 1388.0 99
