1761210727326 1888.0 0
1761210727640 1290.0 1
1761210727988 1289.0 2
1761210728315 1091.0 3
1761210728641 989.0 4
1761210728962 987.0 5
1761210729281 987.0 6
1761210729598 987.0 7
1761210729915 887.0 8
1761210730234 887.0 9
1761210730548 887.0 10
1761210730917 887.0 11
1761210731231 882.0 12
1761210731542 782.0 13
1761210731862 782.0 14
1761210732188 782.0 15
1761210732510 782.0 16
1761210732834 682.0 17
1761210733159 674.0 18
1761210733470 674.0 19
1761210733790 674.0 20
1761210734112 674.0 21
1761210734429 666.0 22
1761210734791 566.0 23
1761210735090 466.0 24
1761210735400 461.0 25
1761210735702 361.0 26
1761210736004 355.0 27
1761210736309 355.0 28
1761210736615 355.0 29
1761210736920 355.0 30
1761210737221 355.0 31
1761210737527 355.0 32
1761210737831 355.0 33
1761210738130 355.0 34
1761210738485 355.0 35
1761210738787 355.0 36
1761210739090 355.0 37
1761210739397 355.0 38
1761210739699 255.0 39
1761210740008 255.0 40
1761210740318 255.0 41
1761210740623 255.0 42
1761210740928 255.0 43
1761210741234 255.0 44
1761210741540 255.0 45
1761210741839 255.0 46
1761210742187 255.0 47
1761210742490 255.0 48
1761210742794 255.0 49
1761210743095 255.0 50
1761210743394 255.0 51
1761210743700 255.0 52
1761210744006 255.0 53
1761210744337 255.0 54
1761210744640 255.0 55
1761210744945 255.0 56
1761210745250 255.0 57
1761210745554 255.0 58
1761210745909 255.0 59
1761210746204 255.0 60
1761210746509 255.0 61
1761210746807 255.0 62
1761210747103 255.0 63
1761210747399 255.0 64
1761210747697 255.0 65
1761210748002 255.0 66
1761210748307 255.0 67
1761210748608 255.0 68
1761210748917 255.0 69
1761210749210 255.0 70
1761210749561 255.0 71
1761210749855 255.0 72
1761210750154 255.0 73
1761210750452 255.0 74
1761210750753 255.0 75
1761210751059 255.0 76
1761210751362 255.0 77
1761210751663 255.0 78
1761210751965 255.0 79
1761210752268 255.0 80
1761210752566 255.0 81
1761210752863 255.0 82
1761210753221 255.0 83
1761210753521 255.0 84
1761210753818 255.0 85
1761210754135 255.0 86
1761210754440 255.0 87
1761210754747 255.0 88
1761210755053 255.0 89
1761210755354 255.0 90
1761210755653 255.0 91
1761210755952 255.0 92
1761210756258 255.0 93
1761210756563 255.0 94
1761210756915 255.0 95
1761210757220 255.0 96
1761210757526 255.0 97
1761210757827 255.0 98
1761210758130 255.0 99
