1761208560936 3435.0 0
1761208567675 3435.0 1
1761208574573 3435.0 2
1761208581630 3419.0 3
1761208588746 3336.0 4
1761208596025 2916.0 5
1761208603583 2912.0 6
1761208611343 2912.0 7
1761208619238 2912.0 8
1761208627179 2912.0 9
1761208635087 2912.0 10
1761208644388 2912.0 11
1761208653643 2912.0 12
1761208662670 2912.0 13
1761208672130 2912.0 14
1761208681341 2912.0 15
1761208690325 2912.0 16
1761208698328 2912.0 17
1761208706308 2912.0 18
1761208714291 2912.0 19
1761208721822 2912.0 20
1761208729828 2912.0 21
1761208737672 2912.0 22
1761208745426 2912.0 23
1761208753072 2912.0 24
1761208760927 2912.0 25
1761208769018 2912.0 26
1761208777142 2912.0 27
1761208785298 2912.0 28
1761208793316 2912.0 29
1761208801576 2912.0 30
1761208811140 2912.0 31
1761208821124 2912.0 32
1761208830761 2912.0 33
1761208840074 2912.0 34
1761208849307 2912.0 35
1761208858041 2912.0 36
1761208867738 2912.0 37
1761208877572 2912.0 38
1761208887311 2912.0 39
1761208897021 2912.0 40
1761208907094 2912.0 41
1761208916362 2912.0 42
1761208925702 2912.0 43
1761208934921 2912.0 44
1761208944332 2912.0 45
1761208953511 2912.0 46
1761208962698 2912.0 47
1761208970699 2912.0 48
1761208978651 2912.0 49
1761208986552 2912.0 50
1761208994556 2912.0 51
1761209002732 2912.0 52
1761209010721 2912.0 53
1761209018692 2912.0 54
1761209026667 2912.0 55
1761209034708 2912.0 56
1761209042594 2912.0 57
1761209050531 2912.0 58
1761209058473 2912.0 59
1761209066511 2912.0 60
1761209074428 2912.0 61
1761209082330 2912.0 62
1761209090269 2912.0 63
1761209098208 2912.0 64
1761209106163 2912.0 65
1761209114047 2912.0 66
1761209122027 2912.0 67
1761209130012 2912.0 68
1761209137903 2912.0 69
1761209145942 2912.0 70
1761209153978 2912.0 71
1761209161946 2912.0 72
1761209169918 2912.0 73
1761209177920 2912.0 74
1761209185906 2912.0 75
1761209193893 2912.0 76
1761209201933 2912.0 77
1761209209887 2912.0 78
1761209217903 2912.0 79
1761209225864 2912.0 80
1761209233810 2912.0 81
1761209241829 2912.0 82
1761209249848 2912.0 83
1761209257801 2912.0 84
1761209265801 2912.0 85
1761209273805 2912.0 86
1761209281806 2912.0 87
1761209289746 2912.0 88
1761209297750 2912.0 89
1761209305685 2912.0 90
1761209313619 2912.0 91
1761209321543 2912.0 92
1761209329454 2912.0 93
1761209337478 2912.0 94
1761209345367 2912.0 95
1761209353284 2912.0 96
1761209361290 2912.0 97
1761209369225 2912.0 98
1761209377209 2912.0 99
