1771425432564 20226.0 0
1771425443842 19637.0 1
1771425455459 19054.0 2
1771425467020 18651.0 3
1771425478531 18350.0 4
1771425489811 17851.0 5
1771425501182 17653.0 6
1771425512531 17551.0 7
1771425523910 17253.0 8
1771425535330 17153.0 9
1771425546783 17053.0 10
1771425558259 17053.0 11
1771425569826 16953.0 12
1771425581418 16853.0 13
1771425593066 16851.0 14
1771425604536 16746.0 15
1771425616032 16646.0 16
1771425627644 16546.0 17
1771425639127 16446.0 18
1771425651103 16446.0 19
1771425662372 16346.0 20
1771425674000 16246.0 21
1771425685748 16246.0 22
1771425697297 16246.0 23
1771425708993 16244.0 24
1771425720640 16046.0 25
1771425732486 15944.0 26
1771425744249 15942.0 27
1771425755604 15842.0 28
1771425766618 15749.0 29
1771425777784 15649.0 30
1771425788867 15649.0 31
1771425800177 15549.0 32
1771425811661 15548.0 33
1771425822690 15448.0 34
1771425833919 15448.0 35
1771425845306 15448.0 36
1771425856524 15348.0 37
1771425867946 15348.0 38
1771425879192 15339.0 39
1771425890270 15239.0 40
1771425901657 15139.0 41
1771425912578 15039.0 42
1771425923631 14939.0 43
1771425934684 14939.0 44
1771425945600 14939.0 45
1771425956832 14741.0 46
1771425967698 14741.0 47
1771425978907 14734.0 48
1771425990032 14732.0 49
1771426001379 14634.0 50
1771426012685 14632.0 51
1771426023719 14534.0 52
1771426035058 14532.0 53
1771426046135 14434.0 54
1771426057196 14332.0 55
1771426068354 14332.0 56
1771426079671 14232.0 57
1771426090819 14132.0 58
1771426102173 14132.0 59
1771426113640 14027.0 60
1771426124839 13927.0 61
1771426136053 13827.0 62
1771426147262 13727.0 63
1771426158458 13627.0 64
1771426169747 13527.0 65
1771426181069 13427.0 66
1771426191969 13427.0 67
1771426203135 13327.0 68
1771426214441 13227.0 69
1771426225882 13127.0 70
1771426237187 13027.0 71
1771426248337 13025.0 72
1771426259834 12925.0 73
1771426271143 12825.0 74
1771426282583 12725.0 75
1771426294160 12725.0 76
1771426305618 12625.0 77
1771426317341 12525.0 78
1771426328895 12525.0 79
1771426341405 12432.0 80
1771426353697 12332.0 81
1771426365901 12332.0 82
1771426378024 12132.0 83
1771426390297 12124.0 84
1771426402643 12024.0 85
1771426414700 11924.0 86
1771426427056 11832.0 87
1771426439188 11732.0 88
1771426451434 11725.0 89
1771426463829 11725.0 90
1771426476284 11634.0 91
1771426488840 11627.0 92
1771426500649 11627.0 93
1771426512915 11620.0 94
1771426525178 11620.0 95
1771426537440 11620.0 96
1771426549692 11618.0 97
1771426561871 11518.0 98
1771426574515 11516.0 99
