1761197441117 1588.0 0
1761197441697 1588.0 1
1761197442302 1588.0 2
1761197442889 1588.0 3
1761197443475 1588.0 4
1761197444069 1588.0 5
1761197444641 1583.0 6
1761197445229 1583.0 7
1761197445816 1583.0 8
1761197446400 1583.0 9
1761197446984 1483.0 10
1761197447576 1476.0 11
1761197448182 1476.0 12
1761197448762 1476.0 13
1761197449363 1476.0 14
1761197449951 1402.0 15
1761197450544 1302.0 16
1761197451139 1302.0 17
1761197451724 1302.0 18
1761197452321 1302.0 19
1761197452911 1302.0 20
1761197453488 1200.0 21
1761197454089 1200.0 22
1761197454683 1200.0 23
1761197455256 1200.0 24
1761197455839 1200.0 25
1761197456447 1100.0 26
1761197457049 1000.0 27
1761197457655 909.0 28
1761197458253 909.0 29
1761197458866 909.0 30
1761197459450 909.0 31
1761197460044 801.0 32
1761197460633 801.0 33
1761197461248 801.0 34
1761197461850 801.0 35
1761197462456 794.0 36
1761197463059 794.0 37
1761197463669 794.0 38
1761197464278 794.0 39
1761197464879 794.0 40
1761197465480 794.0 41
1761197466069 794.0 42
1761197466674 794.0 43
1761197467266 794.0 44
1761197467858 794.0 45
1761197468437 794.0 46
1761197469021 784.0 47
1761197469632 784.0 48
1761197470219 784.0 49
1761197470814 784.0 50
1761197471395 784.0 51
1761197471984 784.0 52
1761197472583 779.0 53
1761197473205 779.0 54
1761197473833 779.0 55
1761197474431 779.0 56
1761197475049 779.0 57
1761197475662 779.0 58
1761197476257 779.0 59
1761197476860 779.0 60
1761197477464 779.0 61
1761197478076 779.0 62
1761197478677 779.0 63
1761197479281 779.0 64
1761197479883 779.0 65
1761197480487 700.0 66
1761197481088 700.0 67
1761197481685 692.0 68
1761197482291 684.0 69
1761197482906 679.0 70
1761197483498 679.0 71
1761197484096 677.0 72
1761197484697 677.0 73
1761197485273 677.0 74
1761197485886 677.0 75
1761197486471 677.0 76
1761197487072 677.0 77
1761197487654 677.0 78
1761197488259 677.0 79
1761197488846 677.0 80
1761197489442 677.0 81
1761197490035 677.0 82
1761197490633 677.0 83
1761197491223 677.0 84
1761197491816 677.0 85
1761197492401 677.0 86
1761197493000 677.0 87
1761197493600 677.0 88
1761197494210 677.0 89
1761197494810 677.0 90
1761197495420 677.0 91
1761197496028 677.0 92
1761197496617 677.0 93
1761197497214 677.0 94
1761197497804 677.0 95
1761197498402 677.0 96
1761197498990 677.0 97
1761197499612 677.0 98
1761197500221 677.0 99
