1771771790920 3314.0 0
1771771792401 2819.0 1
1771771793923 2327.0 2
1771771795556 2027.0 3
1771771797117 1927.0 4
1771771798319 1827.0 5
1771771799832 1727.0 6
1771771801174 1727.0 7
1771771802321 1627.0 8
1771771803665 1627.0 9
1771771804779 1527.0 10
1771771806013 1433.0 11
1771771807330 1433.0 12
1771771808609 1331.0 13
1771771809945 1331.0 14
1771771811142 1331.0 15
1771771812347 1331.0 16
1771771813656 1331.0 17
1771771814870 1239.0 18
1771771816148 1239.0 19
1771771817570 1139.0 20
1771771818885 1031.0 21
1771771820390 1031.0 22
1771771821616 931.0 23
1771771822836 931.0 24
1771771824177 931.0 25
1771771825604 923.0 26
1771771826893 923.0 27
1771771828386 923.0 28
1771771829661 917.0 29
1771771830887 917.0 30
1771771832193 917.0 31
1771771833388 917.0 32
1771771834704 819.0 33
1771771835903 819.0 34
1771771837102 819.0 35
1771771838461 819.0 36
1771771839674 819.0 37
1771771840878 811.0 38
1771771842190 811.0 39
1771771843387 811.0 40
1771771844702 811.0 41
1771771845897 711.0 42
1771771847082 711.0 43
1771771848437 711.0 44
1771771849633 706.0 45
1771771850820 700.0 46
1771771852079 700.0 47
1771771853226 700.0 48
1771771854472 698.0 49
1771771855591 690.0 50
1771771856680 690.0 51
1771771857898 690.0 52
1771771858999 690.0 53
1771771860105 690.0 54
1771771861325 690.0 55
1771771862423 690.0 56
1771771863514 690.0 57
1771771864707 690.0 58
1771771865839 690.0 59
1771771867057 690.0 60
1771771868191 690.0 61
1771771869293 690.0 62
1771771870478 688.0 63
1771771871597 688.0 64
1771771872685 688.0 65
1771771873870 688.0 66
1771771874973 688.0 67
1771771876220 588.0 68
1771771877337 588.0 69
1771771878436 588.0 70
1771771879613 588.0 71
1771771880706 588.0 72
1771771881844 588.0 73
1771771883039 588.0 74
1771771884221 588.0 75
1771771885436 588.0 76
1771771886536 588.0 77
1771771887632 588.0 78
1771771888811 588.0 79
1771771889923 588.0 80
1771771891067 588.0 81
1771771892267 588.0 82
1771771893380 588.0 83
1771771894597 588.0 84
1771771895718 588.0 85
1771771896819 588.0 86
1771771898036 588.0 87
1771771899133 586.0 88
1771771900221 586.0 89
1771771901508 586.0 90
1771771902646 586.0 91
1771771903857 586.0 92
1771771904974 586.0 93
1771771906092 586.0 94
1771771907304 586.0 95
1771771908415 586.0 96
1771771909537 586.0 97
1771771910796 586.0 98
1771771911920 586.0 99
