1761278286270 1871.0 0
1761278286639 1367.0 1
1761278287010 967.0 2
1761278287394 765.0 3
1761278287772 759.0 4
1761278288166 753.0 5
1761278288565 751.0 6
1761278288950 751.0 7
1761278289337 749.0 8
1761278289774 749.0 9
1761278290182 749.0 10
1761278290559 749.0 11
1761278290944 749.0 12
1761278291321 649.0 13
1761278291703 649.0 14
1761278292072 649.0 15
1761278292456 549.0 16
1761278292836 549.0 17
1761278293275 449.0 18
1761278293656 449.0 19
1761278294026 449.0 20
1761278294412 449.0 21
1761278294787 449.0 22
1761278295171 449.0 23
1761278295549 449.0 24
1761278295934 449.0 25
1761278296304 449.0 26
1761278296682 449.0 27
1761278297112 449.0 28
1761278297484 449.0 29
1761278297857 449.0 30
1761278298229 449.0 31
1761278298605 449.0 32
1761278298980 449.0 33
1761278299360 449.0 34
1761278299734 449.0 35
1761278300111 449.0 36
1761278300541 449.0 37
1761278300911 449.0 38
1761278301297 449.0 39
1761278301667 449.0 40
1761278302046 449.0 41
1761278302416 449.0 42
1761278302795 449.0 43
1761278303170 449.0 44
1761278303551 449.0 45
1761278303928 449.0 46
1761278304363 449.0 47
1761278304738 449.0 48
1761278305111 449.0 49
1761278305491 449.0 50
1761278305869 449.0 51
1761278306257 449.0 52
1761278306636 449.0 53
1761278307024 449.0 54
1761278307415 449.0 55
1761278307857 449.0 56
1761278308245 449.0 57
1761278308625 449.0 58
1761278309013 449.0 59
1761278309402 449.0 60
1761278309802 449.0 61
1761278310187 449.0 62
1761278310573 449.0 63
1761278310970 449.0 64
1761278311420 449.0 65
1761278311805 449.0 66
1761278312193 449.0 67
1761278312589 449.0 68
1761278312974 449.0 69
1761278313361 449.0 70
1761278313748 449.0 71
1761278314138 449.0 72
1761278314567 449.0 73
1761278315022 449.0 74
1761278315512 449.0 75
1761278315951 449.0 76
1761278316398 449.0 77
1761278316846 449.0 78
1761278317342 449.0 79
1761278317803 449.0 80
1761278318255 449.0 81
1761278318674 449.0 82
1761278319105 449.0 83
1761278319665 449.0 84
1761278320152 449.0 85
1761278320602 449.0 86
1761278321082 449.0 87
1761278321537 442.0 88
1761278321991 442.0 89
1761278322432 442.0 90
1761278322856 442.0 91
1761278323318 442.0 92
1761278323724 442.0 93
1761278324254 442.0 94
1761278324696 442.0 95
1761278325128 442.0 96
1761278325573 442.0 97
1761278325981 442.0 98
1761278326421 442.0 99
