1772277777938 20345.0 0
1772277809141 19510.0 1
1772277840475 18226.0 2
1772277872955 17427.0 3
1772277911544 16829.0 4
1772277951346 16229.0 5
1772277996261 15937.0 6
1772278042112 15642.0 7
1772278087588 15442.0 8
1772278134486 15334.0 9
1772278175773 15234.0 10
1772278215963 15134.0 11
1772278248790 15033.0 12
1772278282626 14833.0 13
1772278318585 14731.0 14
1772278356997 14631.0 15
1772278391630 14531.0 16
1772278426003 14331.0 17
1772278459975 14131.0 18
1772278494311 14029.0 19
1772278528558 13929.0 20
1772278562824 13827.0 21
1772278597442 13727.0 22
1772278631901 13619.0 23
1772278666098 13419.0 24
1772278700734 13314.0 25
1772278735000 13214.0 26
1772278769389 13114.0 27
1772278803892 12914.0 28
1772278838457 12812.0 29
1772278872826 12712.0 30
1772278907387 12610.0 31
1772278941630 12410.0 32
1772278976028 12310.0 33
1772279010511 12110.0 34
1772279045268 11918.0 35
1772279080600 11725.0 36
1772279116232 11625.0 37
1772279151257 11525.0 38
1772279186308 11423.0 39
1772279219828 11323.0 40
1772279252806 11223.0 41
1772279286073 11123.0 42
1772279319464 11023.0 43
1772279352700 10923.0 44
1772279385987 10823.0 45
1772279419202 10723.0 46
1772279452557 10525.0 47
1772279486221 10425.0 48
1772279519810 10325.0 49
1772279553423 10221.0 50
1772279587158 10113.0 51
1772279620564 10010.0 52
1772279654572 9910.0 53
1772279688322 9894.0 54
1772279721416 9793.0 55
1772279755399 9693.0 56
1772279789049 9593.0 57
1772279822241 9493.0 58
1772279856012 9393.0 59
1772279889580 9293.0 60
1772279922941 9193.0 61
1772279956154 9088.0 62
1772279989867 8988.0 63
1772280023187 8880.0 64
1772280056611 8780.0 65
1772280090079 8680.0 66
1772280123917 8580.0 67
1772280157933 8480.0 68
1772280190722 8474.0 69
1772280222403 8374.0 70
1772280253636 8274.0 71
1772280284644 8174.0 72
1772280315372 8172.0 73
1772280347085 8072.0 74
1772280378258 7972.0 75
1772280409357 7870.0 76
1772280440305 7770.0 77
1772280471485 7670.0 78
1772280503075 7570.0 79
1772280534627 7470.0 80
1772280566122 7370.0 81
1772280597488 7270.0 82
1772280628943 7170.0 83
1772280660979 7061.0 84
1772280692624 6961.0 85
1772280724045 6870.0 86
1772280755861 6853.0 87
1772280787390 6762.0 88
1772280819152 6653.0 89
1772280850532 6553.0 90
1772280881993 6453.0 91
1772280913865 6353.0 92
1772280945796 6253.0 93
1772280976980 6153.0 94
1772281008421 6053.0 95
1772281040366 5953.0 96
1772281072030 5853.0 97
1772281103880 5851.0 98
1772281135386 5751.0 99
1772281167297 5651.0 100
1772281199257 5649.0 101
1772281231129 5549.0 102
1772281263435 5449.0 103
1772281295531 5343.0 104
1772281327986 5258.0 105
1772281360262 5256.0 106
1772281392435 5171.0 107
1772281424567 5158.0 108
1772281456472 5058.0 109
1772281488730 4958.0 110
1772281521968 4870.0 111
1772281554235 4770.0 112
1772281586484 4680.0 113
1772281619210 4673.0 114
1772281651855 4671.0 115
1772281684592 4664.0 116
1772281717502 4564.0 117
1772281750742 4552.0 118
1772281783888 4452.0 119
1772281817244 4445.0 120
1772281850162 4345.0 121
1772281882981 4242.0 122
1772281916415 4236.0 123
1772281949783 4136.0 124
1772281983451 4036.0 125
1772282016200 3936.0 126
1772282049562 3929.0 127
1772282083055 3836.0 128
1772282116683 3822.0 129
1772282150182 3816.0 130
1772282183627 3810.0 131
1772282216994 3724.0 132
1772282250333 3631.0 133
1772282283752 3539.0 134
1772282317205 3529.0 135
1772282350609 3523.0 136
1772282383271 3423.0 137
1772282416528 3332.0 138
1772282449783 3330.0 139
1772282482698 3322.0 140
1772282516429 3322.0 141
1772282549889 3313.0 142
1772282583518 3221.0 143
1772282616046 3213.0 144
1772282649374 3206.0 145
1772282682405 3204.0 146
1772282715882 3113.0 147
1772282749447 3111.0 148
1772282782776 3013.0 149
1772282816444 3005.0 150
1772282850276 2913.0 151
1772282883438 2815.0 152
1772282917304 2726.0 153
1772282950787 2718.0 154
1772282984284 2712.0 155
1772283017971 2612.0 156
1772283052200 2514.0 157
1772283086420 2418.0 158
1772283121453 2318.0 159
1772283155712 2218.0 160
1772283189988 2210.0 161
1772283224395 2110.0 162
1772283259254 2101.0 163
1772283294402 2099.0 164
1772283329446 2096.0 165
1772283364038 2092.0 166
1772283398977 2077.0 167
1772283433519 2075.0 168
1772283467762 2067.0 169
1772283501849 2067.0 170
1772283537135 2060.0 171
1772283571213 2048.0 172
1772283605465 2048.0 173
1772283639765 2048.0 174
1772283673645 1948.0 175
1772283708572 1940.0 176
1772283742818 1938.0 177
1772283776729 1936.0 178
1772283810906 1934.0 179
1772283845180 1836.0 180
1772283879553 1834.0 181
1772283913968 1826.0 182
1772283948454 1819.0 183
1772283982639 1817.0 184
1772284017024 1817.0 185
1772284051816 1817.0 186
1772284085753 1815.0 187
1772284120372 1813.0 188
1772284154983 1713.0 189
1772284189524 1711.0 190
1772284224024 1705.0 191
1772284258830 1705.0 192
1772284293545 1698.0 193
1772284328345 1698.0 194
1772284362657 1696.0 195
1772284397029 1696.0 196
1772284431584 1694.0 197
1772284466250 1694.0 198
1772284500493 1694.0 199
1772284534983 1694.0 200
1772284569648 1694.0 201
1772284603764 1594.0 202
1772284638584 1594.0 203
1772284673411 1594.0 204
1772284708653 1594.0 205
1772284743205 1594.0 206
1772284777781 1594.0 207
1772284812517 1594.0 208
1772284847488 1588.0 209
1772284882047 1588.0 210
1772284917121 1493.0 211
1772284951843 1493.0 212
1772284986258 1491.0 213
1772285020580 1491.0 214
1772285055073 1491.0 215
1772285089503 1491.0 216
1772285123733 1486.0 217
1772285158656 1486.0 218
1772285192598 1486.0 219
1772285227098 1481.0 220
1772285262188 1479.0 221
1772285296783 1479.0 222
1772285331696 1477.0 223
1772285366788 1477.0 224
1772285401108 1477.0 225
1772285435783 1477.0 226
1772285469897 1477.0 227
1772285505163 1477.0 228
1772285539839 1477.0 229
1772285574726 1475.0 230
1772285608914 1475.0 231
1772285643851 1475.0 232
1772285678542 1475.0 233
1772285713248 1475.0 234
1772285747802 1475.0 235
1772285782165 1475.0 236
1772285816971 1475.0 237
1772285851871 1475.0 238
1772285886884 1475.0 239
1772285921481 1475.0 240
1772285956116 1475.0 241
1772285990453 1475.0 242
1772286025207 1375.0 243
1772286060379 1375.0 244
1772286095168 1375.0 245
1772286129990 1373.0 246
1772286165431 1373.0 247
1772286200312 1373.0 248
1772286235422 1373.0 249
1772286270472 1373.0 250
1772286305341 1373.0 251
1772286340171 1373.0 252
1772286374892 1373.0 253
1772286409887 1373.0 254
1772286444763 1373.0 255
1772286479457 1373.0 256
1772286514214 1373.0 257
1772286549689 1373.0 258
1772286584500 1373.0 259
1772286619458 1373.0 260
1772286654514 1373.0 261
1772286689534 1373.0 262
1772286724224 1373.0 263
1772286759288 1373.0 264
1772286794003 1373.0 265
1772286828547 1373.0 266
1772286863535 1373.0 267
1772286898587 1373.0 268
1772286933179 1373.0 269
1772286968732 1373.0 270
1772287003658 1373.0 271
1772287038550 1282.0 272
1772287073967 1282.0 273
1772287109476 1282.0 274
1772287145100 1282.0 275
1772287180272 1282.0 276
1772287215337 1282.0 277
1772287250448 1282.0 278
1772287285185 1282.0 279
1772287319846 1184.0 280
1772287355629 1184.0 281
1772287390599 1184.0 282
1772287425968 1184.0 283
1772287460838 1175.0 284
1772287496307 1175.0 285
1772287531747 1175.0 286
1772287566810 1173.0 287
1772287601912 1173.0 288
1772287637021 1173.0 289
1772287672254 1173.0 290
1772287707838 1173.0 291
1772287742993 1173.0 292
1772287778070 1173.0 293
1772287812879 1173.0 294
1772287847960 1173.0 295
1772287883387 1173.0 296
1772287918252 1173.0 297
1772287953254 1173.0 298
1772287988728 1173.0 299
1772288023855 1173.0 300
1772288059451 1173.0 301
1772288095127 1173.0 302
1772288130628 1173.0 303
1772288165198 1173.0 304
1772288200701 1173.0 305
1772288236011 1173.0 306
1772288271254 1173.0 307
1772288306709 1173.0 308
1772288342245 1173.0 309
1772288377909 1173.0 310
1772288413194 1173.0 311
1772288448471 1173.0 312
1772288483995 1173.0 313
1772288519345 1173.0 314
1772288555510 1173.0 315
1772288590911 1173.0 316
1772288626059 1173.0 317
1772288661184 1173.0 318
1772288696344 1173.0 319
1772288734608 1173.0 320
1772288774374 1073.0 321
1772288813912 1073.0 322
1772288853874 1073.0 323
1772288893646 973.0 324
1772288933176 973.0 325
1772288973573 973.0 326
1772289013409 973.0 327
1772289053753 973.0 328
1772289094436 973.0 329
1772289134894 973.0 330
1772289175291 973.0 331
1772289215996 973.0 332
1772289256883 973.0 333
1772289297345 973.0 334
1772289338147 973.0 335
1772289378132 973.0 336
1772289419076 973.0 337
1772289459481 973.0 338
1772289499816 973.0 339
1772289540308 973.0 340
1772289580728 973.0 341
1772289620869 973.0 342
1772289658390 973.0 343
1772289696550 973.0 344
1772289734278 973.0 345
1772289772118 973.0 346
1772289810506 973.0 347
1772289848919 973.0 348
1772289886847 973.0 349
1772289924454 973.0 350
1772289963045 973.0 351
1772290001169 973.0 352
1772290039123 973.0 353
1772290077362 973.0 354
1772290115901 973.0 355
1772290154057 973.0 356
1772290191972 973.0 357
1772290230268 973.0 358
1772290268410 973.0 359
1772290306606 973.0 360
1772290345389 973.0 361
1772290383764 973.0 362
1772290421960 973.0 363
1772290459605 973.0 364
1772290498309 973.0 365
1772290536636 973.0 366
1772290574850 973.0 367
1772290612986 973.0 368
1772290651158 973.0 369
1772290689353 973.0 370
1772290727539 973.0 371
1772290765401 973.0 372
1772290803742 973.0 373
1772290841793 973.0 374
1772290879880 973.0 375
1772290917790 973.0 376
1772290955873 973.0 377
1772290993739 973.0 378
1772291031208 973.0 379
1772291069487 973.0 380
1772291107609 973.0 381
1772291145863 973.0 382
1772291184218 973.0 383
1772291222348 973.0 384
1772291260144 973.0 385
1772291298131 973.0 386
1772291336189 973.0 387
1772291373698 973.0 388
1772291411374 973.0 389
1772291449886 973.0 390
1772291488128 973.0 391
1772291526154 973.0 392
1772291564215 973.0 393
1772291602317 973.0 394
1772291640393 973.0 395
1772291678273 973.0 396
1772291716424 973.0 397
1772291755035 973.0 398
1772291793067 973.0 399
1772291830298 973.0 400
1772291868448 973.0 401
1772291906298 973.0 402
1772291944183 973.0 403
1772291981735 973.0 404
1772292019832 973.0 405
1772292058484 973.0 406
1772292096645 973.0 407
1772292134972 973.0 408
1772292173003 973.0 409
1772292211262 973.0 410
1772292249322 973.0 411
1772292287126 973.0 412
1772292325086 973.0 413
1772292363022 973.0 414
1772292400884 973.0 415
1772292439296 973.0 416
1772292477469 973.0 417
1772292515685 973.0 418
1772292553709 973.0 419
1772292592120 973.0 420
1772292630294 973.0 421
1772292668693 973.0 422
1772292709700 973.0 423
1772292749741 973.0 424
1772292788212 973.0 425
1772292826474 973.0 426
1772292864778 973.0 427
1772292903108 973.0 428
1772292940841 973.0 429
1772292979380 973.0 430
1772293017816 973.0 431
1772293056210 973.0 432
1772293094336 971.0 433
1772293132644 971.0 434
1772293170537 971.0 435
1772293208273 971.0 436
1772293246361 971.0 437
1772293285112 971.0 438
1772293323261 971.0 439
1772293361116 971.0 440
1772293398875 971.0 441
1772293437151 971.0 442
1772293477292 971.0 443
1772293517025 971.0 444
1772293556953 971.0 445
1772293596921 971.0 446
1772293636293 971.0 447
1772293675898 971.0 448
1772293716227 971.0 449
1772293756296 971.0 450
1772293796117 971.0 451
1772293836001 971.0 452
1772293875758 971.0 453
1772293915711 971.0 454
1772293956164 971.0 455
1772293996470 971.0 456
1772294036901 971.0 457
1772294077318 971.0 458
1772294117660 971.0 459
1772294157558 971.0 460
1772294198102 971.0 461
1772294238482 971.0 462
1772294278953 971.0 463
1772294319336 971.0 464
1772294359045 971.0 465
1772294397122 971.0 466
1772294435102 971.0 467
1772294473388 971.0 468
1772294511492 971.0 469
1772294549982 971.0 470
1772294587952 971.0 471
1772294626265 971.0 472
1772294664887 971.0 473
1772294702819 971.0 474
1772294740689 971.0 475
1772294781148 971.0 476
1772294821646 971.0 477
1772294862108 971.0 478
1772294902157 971.0 479
1772294942377 971.0 480
1772294982612 971.0 481
1772295023152 971.0 482
1772295063853 971.0 483
1772295104364 971.0 484
1772295144784 971.0 485
1772295184516 971.0 486
1772295225180 971.0 487
1772295265397 971.0 488
1772295305703 971.0 489
1772295345787 971.0 490
1772295386128 971.0 491
1772295426259 971.0 492
1772295466509 971.0 493
1772295506525 971.0 494
1772295546863 971.0 495
1772295586933 971.0 496
1772295627228 971.0 497
1772295667240 971.0 498
1772295705145 971.0 499
