1771923043361 3442.0 0
1771923064933 3228.0 1
1771923087394 3228.0 2
1771923109418 3228.0 3
1771923131942 3136.0 4
1771923155279 3136.0 5
1771923178476 3129.0 6
1771923202640 3129.0 7
1771923226865 3129.0 8
1771923251613 3063.0 9
1771923276654 3063.0 10
1771923301707 2657.0 11
1771923326615 2657.0 12
1771923351703 2657.0 13
1771923377378 2657.0 14
1771923402868 2657.0 15
1771923428543 2657.0 16
1771923454710 2657.0 17
1771923480791 2657.0 18
1771923506742 2657.0 19
1771923533046 2657.0 20
1771923559457 2657.0 21
1771923586492 2657.0 22
1771923613080 2657.0 23
1771923639367 2657.0 24
1771923665224 2657.0 25
1771923695681 2657.0 26
1771923724142 2657.0 27
1771923751044 2657.0 28
1771923777376 2657.0 29
1771923807233 2657.0 30
1771923834764 2657.0 31
1771923863314 2657.0 32
1771923892319 2657.0 33
1771923917615 2657.0 34
1771923941699 2657.0 35
1771923965486 2657.0 36
1771923989261 2657.0 37
1771924012807 2657.0 38
1771924036523 2657.0 39
1771924060493 2657.0 40
1771924084045 2657.0 41
1771924107830 2657.0 42
1771924131859 2657.0 43
1771924155709 2657.0 44
1771924179653 2657.0 45
1771924203655 2657.0 46
1771924227430 2657.0 47
1771924251365 2657.0 48
1771924274784 2657.0 49
1771924298648 2657.0 50
1771924322506 2657.0 51
1771924346645 2657.0 52
1771924370892 2657.0 53
1771924399992 2657.0 54
1771924428972 2657.0 55
1771924453235 2657.0 56
1771924477818 2657.0 57
1771924502317 2657.0 58
1771924526585 2657.0 59
1771924550806 2657.0 60
1771924575601 2657.0 61
1771924600479 2657.0 62
1771924624896 2657.0 63
1771924649239 2657.0 64
1771924673343 2657.0 65
1771924697407 2657.0 66
1771924721863 2657.0 67
1771924746813 2657.0 68
1771924771731 2657.0 69
1771924795935 2657.0 70
1771924820179 2657.0 71
1771924849931 2657.0 72
1771924878485 2657.0 73
1771924906668 2657.0 74
1771924935484 2657.0 75
1771924963343 2657.0 76
1771924991203 2657.0 77
1771925019335 2657.0 78
1771925048443 2657.0 79
1771925077871 2657.0 80
1771925107158 2657.0 81
1771925136371 2657.0 82
1771925165456 2657.0 83
1771925194541 2657.0 84
1771925223863 2657.0 85
1771925253213 2657.0 86
1771925282747 2657.0 87
1771925312697 2657.0 88
1771925341850 2657.0 89
1771925371254 2657.0 90
1771925400711 2657.0 91
1771925430129 2657.0 92
1771925460050 2657.0 93
1771925489631 2657.0 94
1771925519658 2657.0 95
1771925550120 2657.0 96
1771925580114 2657.0 97
1771925609862 2657.0 98
1771925639413 2657.0 99
