1761205081972 3310.0 0
1761205082409 3310.0 1
1761205082771 3310.0 2
1761205083137 3310.0 3
1761205083500 3310.0 4
1761205083863 3310.0 5
1761205084228 3310.0 6
1761205084589 3310.0 7
1761205084950 3310.0 8
1761205085322 3310.0 9
1761205085695 3310.0 10
1761205086064 3310.0 11
1761205086428 3310.0 12
1761205086784 3310.0 13
1761205087145 3310.0 14
1761205087505 3310.0 15
1761205087868 3310.0 16
1761205088226 3310.0 17
1761205088591 3310.0 18
1761205088953 3310.0 19
1761205089318 3310.0 20
1761205089677 3310.0 21
1761205090037 3310.0 22
1761205090401 3310.0 23
1761205090766 3310.0 24
1761205091127 3310.0 25
1761205091494 3310.0 26
1761205091852 3310.0 27
1761205092221 3310.0 28
1761205092596 3310.0 29
1761205092958 3310.0 30
1761205093319 3310.0 31
1761205093677 3310.0 32
1761205094035 3310.0 33
1761205094397 3310.0 34
1761205094759 3310.0 35
1761205095121 3310.0 36
1761205095480 3310.0 37
1761205095843 3310.0 38
1761205096204 3310.0 39
1761205096567 3310.0 40
1761205096921 3310.0 41
1761205097277 3310.0 42
1761205097635 3310.0 43
1761205097994 3310.0 44
1761205098355 3310.0 45
1761205098715 3310.0 46
1761205099080 3310.0 47
1761205099441 3310.0 48
1761205099802 3310.0 49
1761205100161 3310.0 50
1761205100524 3310.0 51
1761205100886 3310.0 52
1761205101251 3310.0 53
1761205101616 3310.0 54
1761205101988 3310.0 55
1761205102346 3310.0 56
1761205102711 3310.0 57
1761205103076 3310.0 58
1761205103439 3310.0 59
1761205103802 3310.0 60
1761205104157 3310.0 61
1761205104514 3310.0 62
1761205104877 3310.0 63
1761205105243 3310.0 64
1761205105604 3310.0 65
1761205105968 3310.0 66
1761205106329 3310.0 67
1761205106688 3310.0 68
1761205107050 3310.0 69
1761205107405 3310.0 70
1761205107763 3310.0 71
1761205108122 3310.0 72
1761205108484 3310.0 73
1761205108845 3310.0 74
1761205109207 3310.0 75
1761205109566 3310.0 76
1761205109928 3310.0 77
1761205110290 3310.0 78
1761205110653 3310.0 79
1761205111013 3310.0 80
1761205111374 3310.0 81
1761205111736 3310.0 82
1761205112098 3310.0 83
1761205112476 3310.0 84
1761205112834 3310.0 85
1761205113203 3310.0 86
1761205113577 3310.0 87
1761205113939 3310.0 88
1761205114296 3310.0 89
1761205114655 3310.0 90
1761205115015 3310.0 91
1761205115376 3310.0 92
1761205115739 3310.0 93
1761205116098 3310.0 94
1761205116460 3310.0 95
1761205116816 3310.0 96
1761205117181 3310.0 97
1761205117543 3310.0 98
1761205117905 3310.0 99
