1771752530073 3019.0 0
1771752531194 2806.0 1
1771752532357 2220.0 2
1771752533665 1922.0 3
1771752534841 1723.0 4
1771752535999 1531.0 5
1771752537218 1431.0 6
1771752538347 1415.0 7
1771752539470 1406.0 8
1771752540677 1306.0 9
1771752541779 1306.0 10
1771752542969 1303.0 11
1771752544062 1303.0 12
1771752545267 1301.0 13
1771752546468 1299.0 14
1771752547545 1299.0 15
1771752548674 1299.0 16
1771752549861 1299.0 17
1771752550973 1299.0 18
1771752552160 1299.0 19
1771752553248 1199.0 20
1771752554316 1099.0 21
1771752555555 1007.0 22
1771752556631 1007.0 23
1771752557732 1007.0 24
1771752558925 915.0 25
1771752560056 913.0 26
1771752561308 913.0 27
1771752562438 905.0 28
1771752563553 905.0 29
1771752564801 897.0 30
1771752565959 797.0 31
1771752567071 797.0 32
1771752568302 797.0 33
1771752569445 797.0 34
1771752570598 797.0 35
1771752571804 797.0 36
1771752572924 697.0 37
1771752574150 697.0 38
1771752575267 685.0 39
1771752576436 685.0 40
1771752577714 680.0 41
1771752578879 680.0 42
1771752579997 680.0 43
1771752581209 680.0 44
1771752582390 680.0 45
1771752583579 680.0 46
1771752584679 680.0 47
1771752585804 680.0 48
1771752587023 680.0 49
1771752588174 680.0 50
1771752589304 680.0 51
1771752590526 680.0 52
1771752591643 680.0 53
1771752592871 680.0 54
1771752593967 680.0 55
1771752595090 680.0 56
1771752596367 680.0 57
1771752597511 680.0 58
1771752598657 680.0 59
1771752599933 680.0 60
1771752601112 680.0 61
1771752602308 680.0 62
1771752603403 680.0 63
1771752604470 680.0 64
1771752605655 680.0 65
1771752606769 680.0 66
1771752607904 680.0 67
1771752609128 680.0 68
1771752610261 580.0 69
1771752611446 580.0 70
1771752612701 580.0 71
1771752613860 580.0 72
1771752615090 580.0 73
1771752616227 580.0 74
1771752617386 580.0 75
1771752618632 580.0 76
1771752619740 580.0 77
1771752620862 580.0 78
1771752622099 580.0 79
1771752623223 580.0 80
1771752624477 580.0 81
1771752625614 580.0 82
1771752626785 580.0 83
1771752628029 580.0 84
1771752629153 580.0 85
1771752630316 580.0 86
1771752631564 580.0 87
1771752632704 580.0 88
1771752633842 580.0 89
1771752635076 580.0 90
1771752636216 580.0 91
1771752637491 580.0 92
1771752638649 580.0 93
1771752639760 580.0 94
1771752640988 580.0 95
1771752642140 580.0 96
1771752643290 580.0 97
1771752644494 480.0 98
1771752645623 480.0 99
