1761276494016 3065.0 0
1761276494867 3065.0 1
1761276495721 2983.0 2
1761276496561 2983.0 3
1761276497399 2867.0 4
1761276498262 2867.0 5
1761276499118 2867.0 6
1761276499954 2867.0 7
1761276500808 2867.0 8
1761276501677 2678.0 9
1761276502549 2678.0 10
1761276503413 2578.0 11
1761276504286 2578.0 12
1761276505143 2378.0 13
1761276506001 2370.0 14
1761276506857 2370.0 15
1761276507694 2370.0 16
1761276508558 2370.0 17
1761276509408 2270.0 18
1761276510265 2270.0 19
1761276511117 2270.0 20
1761276511965 2270.0 21
1761276512825 2268.0 22
1761276513677 2268.0 23
1761276514544 2168.0 24
1761276515410 2168.0 25
1761276516278 2168.0 26
1761276517136 2162.0 27
1761276517994 2162.0 28
1761276518838 2162.0 29
1761276519691 2123.0 30
1761276520537 2121.0 31
1761276521388 2121.0 32
1761276522275 2121.0 33
1761276523140 2062.0 34
1761276524009 2053.0 35
1761276524867 2053.0 36
1761276525712 1960.0 37
1761276526568 1915.0 38
1761276527408 1915.0 39
1761276528250 1713.0 40
1761276529099 1713.0 41
1761276529940 1713.0 42
1761276530794 1713.0 43
1761276531633 1713.0 44
1761276532501 1713.0 45
1761276533378 1513.0 46
1761276534243 1313.0 47
1761276535103 1313.0 48
1761276535956 1313.0 49
1761276536798 1313.0 50
1761276537653 1313.0 51
1761276538519 1313.0 52
1761276539375 1313.0 53
1761276540212 1313.0 54
1761276541069 1313.0 55
1761276541915 1313.0 56
1761276542779 1313.0 57
1761276543672 1313.0 58
1761276544547 1313.0 59
1761276545427 1313.0 60
1761276546292 1313.0 61
1761276547161 1255.0 62
1761276548033 1255.0 63
1761276548868 1255.0 64
1761276549730 1255.0 65
1761276550616 1255.0 66
1761276551486 1253.0 67
1761276552342 1253.0 68
1761276553218 1253.0 69
1761276554067 1253.0 70
1761276554936 1153.0 71
1761276555817 1153.0 72
1761276556700 1151.0 73
1761276557559 1051.0 74
1761276558422 1051.0 75
1761276559284 1051.0 76
1761276560164 951.0 77
1761276561041 951.0 78
1761276561922 951.0 79
1761276562800 951.0 80
1761276563670 951.0 81
1761276564561 951.0 82
1761276565460 951.0 83
1761276566354 951.0 84
1761276567229 951.0 85
1761276568086 951.0 86
1761276568983 951.0 87
1761276569847 951.0 88
1761276570721 951.0 89
1761276571568 951.0 90
1761276572442 951.0 91
1761276573317 951.0 92
1761276574157 951.0 93
1761276575044 951.0 94
1761276575917 951.0 95
1761276576798 951.0 96
1761276577654 951.0 97
1761276578516 951.0 98
1761276579395 951.0 99
