1761268204366 1701.0 0
1761268204833 1701.0 1
1761268205227 1701.0 2
1761268205630 1701.0 3
1761268206010 1701.0 4
1761268206384 1701.0 5
1761268206768 1701.0 6
1761268207148 1701.0 7
1761268207543 1701.0 8
1761268207946 1701.0 9
1761268208313 1701.0 10
1761268208680 1701.0 11
1761268209059 1701.0 12
1761268209435 1701.0 13
1761268209822 1701.0 14
1761268210204 1701.0 15
1761268210579 1701.0 16
1761268210949 1701.0 17
1761268211317 1701.0 18
1761268211683 1701.0 19
1761268212045 1701.0 20
1761268212414 1701.0 21
1761268212795 1701.0 22
1761268213166 1701.0 23
1761268213543 1701.0 24
1761268213920 1701.0 25
1761268214303 1701.0 26
1761268214690 1701.0 27
1761268215064 1701.0 28
1761268215442 1701.0 29
1761268215823 1701.0 30
1761268216194 1701.0 31
1761268216567 1701.0 32
1761268216938 1701.0 33
1761268217316 1701.0 34
1761268217685 1701.0 35
1761268218065 1701.0 36
1761268218451 1701.0 37
1761268218836 1701.0 38
1761268219207 1701.0 39
1761268219578 1701.0 40
1761268219967 1701.0 41
1761268220353 1701.0 42
1761268220731 1701.0 43
1761268221102 1701.0 44
1761268221481 1701.0 45
1761268221874 1701.0 46
1761268222267 1701.0 47
1761268222661 1701.0 48
1761268223051 1701.0 49
1761268223435 1701.0 50
1761268223816 1701.0 51
1761268224201 1701.0 52
1761268224576 1701.0 53
1761268224960 1701.0 54
1761268225339 1701.0 55
1761268225746 1701.0 56
1761268226143 1701.0 57
1761268226523 1701.0 58
1761268226907 1701.0 59
1761268227295 1701.0 60
1761268227672 1701.0 61
1761268228053 1701.0 62
1761268228432 1701.0 63
1761268228807 1701.0 64
1761268229178 1701.0 65
1761268229556 1701.0 66
1761268229931 1701.0 67
1761268230312 1701.0 68
1761268230686 1701.0 69
1761268231053 1701.0 70
1761268231425 1701.0 71
1761268231803 1701.0 72
1761268232182 1701.0 73
1761268232565 1701.0 74
1761268232941 1701.0 75
1761268233329 1701.0 76
1761268233708 1701.0 77
1761268234100 1701.0 78
1761268234494 1701.0 79
1761268234902 1701.0 80
1761268235286 1701.0 81
1761268235732 1701.0 82
1761268236114 1701.0 83
1761268236507 1701.0 84
1761268236891 1701.0 85
1761268237266 1701.0 86
1761268237650 1701.0 87
1761268238025 1701.0 88
1761268238466 1701.0 89
1761268238911 1701.0 90
1761268239357 1701.0 91
1761268239813 1701.0 92
1761268240310 1701.0 93
1761268240777 1701.0 94
1761268241245 1701.0 95
1761268241688 1701.0 96
1761268242110 1701.0 97
1761268242524 1701.0 98
1761268242940 1701.0 99
