1761280185320 1760.0 0
1761280186049 1760.0 1
1761280186785 1760.0 2
1761280187552 1660.0 3
1761280188302 1660.0 4
1761280189026 1660.0 5
1761280189749 1660.0 6
1761280190506 1660.0 7
1761280191247 1660.0 8
1761280191963 1660.0 9
1761280192710 1660.0 10
1761280193398 1660.0 11
1761280194094 1660.0 12
1761280194804 1660.0 13
1761280195551 1583.0 14
1761280196229 1575.0 15
1761280196970 1575.0 16
1761280197785 1575.0 17
1761280198518 1475.0 18
1761280199228 1475.0 19
1761280199937 1475.0 20
1761280200671 1366.0 21
1761280201408 1366.0 22
1761280202203 1366.0 23
1761280202980 1366.0 24
1761280203774 1366.0 25
1761280204601 1366.0 26
1761280205302 1366.0 27
1761280206021 1366.0 28
1761280206724 1366.0 29
1761280207458 1366.0 30
1761280208216 1283.0 31
1761280208898 1283.0 32
1761280209658 1283.0 33
1761280210360 1283.0 34
1761280211115 1283.0 35
1761280211827 1283.0 36
1761280212583 1283.0 37
1761280213347 1283.0 38
1761280214061 1283.0 39
1761280214801 1283.0 40
1761280215465 1283.0 41
1761280216208 1255.0 42
1761280216907 1250.0 43
1761280217723 1050.0 44
1761280218448 1050.0 45
1761280219143 1050.0 46
1761280219826 1050.0 47
1761280220537 1050.0 48
1761280221242 950.0 49
1761280221953 950.0 50
1761280222715 950.0 51
1761280223398 950.0 52
1761280224108 850.0 53
1761280224843 850.0 54
1761280225616 850.0 55
1761280226306 850.0 56
1761280227000 850.0 57
1761280227725 850.0 58
1761280228482 850.0 59
1761280229216 850.0 60
1761280229931 850.0 61
1761280230614 850.0 62
1761280231312 850.0 63
1761280231994 748.0 64
1761280232658 648.0 65
1761280233351 648.0 66
1761280234048 548.0 67
1761280234758 548.0 68
1761280235437 448.0 69
1761280236122 448.0 70
1761280236824 448.0 71
1761280237476 448.0 72
1761280238163 448.0 73
1761280238896 448.0 74
1761280239643 448.0 75
1761280240358 448.0 76
1761280241069 448.0 77
1761280241794 448.0 78
1761280242491 448.0 79
1761280243205 448.0 80
1761280243915 448.0 81
1761280244578 448.0 82
1761280245260 448.0 83
1761280246021 448.0 84
1761280246736 448.0 85
1761280247515 448.0 86
1761280248227 448.0 87
1761280248954 448.0 88
1761280249617 448.0 89
1761280250289 448.0 90
1761280250959 448.0 91
1761280251647 448.0 92
1761280252368 448.0 93
1761280253086 448.0 94
1761280253775 448.0 95
1761280254476 448.0 96
1761280255250 448.0 97
1761280255975 448.0 98
1761280256728 448.0 99
