1761272717560 2059.0 0
1761272723786 2059.0 1
1761272730212 2059.0 2
1761272736722 1969.0 3
1761272743430 1969.0 4
1761272750174 1673.0 5
1761272756978 1673.0 6
1761272763870 1673.0 7
1761272770977 1673.0 8
1761272778062 1673.0 9
1761272785222 1673.0 10
1761272792445 1673.0 11
1761272799712 1673.0 12
1761272807090 1673.0 13
1761272814469 1673.0 14
1761272821871 1673.0 15
1761272829236 1673.0 16
1761272836683 1673.0 17
1761272844050 1673.0 18
1761272851447 1673.0 19
1761272858893 1673.0 20
1761272866475 1673.0 21
1761272873966 1673.0 22
1761272881437 1673.0 23
1761272888895 1673.0 24
1761272896367 1673.0 25
1761272903867 1673.0 26
1761272911351 1673.0 27
1761272918834 1673.0 28
1761272926357 1673.0 29
1761272933996 1673.0 30
1761272941662 1673.0 31
1761272949405 1673.0 32
1761272957163 1673.0 33
1761272964852 1673.0 34
1761272972624 1673.0 35
1761272980316 1673.0 36
1761272988034 1673.0 37
1761272995604 1673.0 38
1761273003466 1673.0 39
1761273011242 1673.0 40
1761273019058 1673.0 41
1761273026952 1673.0 42
1761273035681 1673.0 43
1761273043947 1673.0 44
1761273051934 1673.0 45
1761273059556 1673.0 46
1761273067075 1673.0 47
1761273074649 1673.0 48
1761273082191 1673.0 49
1761273089720 1673.0 50
1761273097289 1673.0 51
1761273104910 1673.0 52
1761273112511 1673.0 53
1761273120062 1673.0 54
1761273127620 1673.0 55
1761273135165 1673.0 56
1761273142843 1673.0 57
1761273150640 1673.0 58
1761273158252 1673.0 59
1761273165848 1673.0 60
1761273173546 1673.0 61
1761273181145 1673.0 62
1761273188759 1673.0 63
1761273196358 1673.0 64
1761273204026 1673.0 65
1761273211704 1673.0 66
1761273219331 1673.0 67
1761273226976 1673.0 68
1761273234663 1673.0 69
1761273242431 1673.0 70
1761273250046 1673.0 71
1761273257644 1673.0 72
1761273265450 1673.0 73
1761273273080 1673.0 74
1761273280783 1673.0 75
1761273288388 1673.0 76
1761273295965 1673.0 77
1761273303553 1673.0 78
1761273311178 1673.0 79
1761273318738 1673.0 80
1761273326297 1673.0 81
1761273333885 1673.0 82
1761273341446 1673.0 83
1761273349145 1673.0 84
1761273356747 1673.0 85
1761273364385 1673.0 86
1761273371913 1673.0 87
1761273379604 1673.0 88
1761273387213 1673.0 89
1761273394827 1673.0 90
1761273402408 1673.0 91
1761273409971 1673.0 92
1761273417649 1673.0 93
1761273425289 1673.0 94
1761273432897 1673.0 95
1761273440460 1673.0 96
1761273448090 1673.0 97
1761273455712 1673.0 98
1761273463307 1673.0 99
