1771562838599 21576.0 0
1771562922209 20462.0 1
1771563006209 19552.0 2
1771563091637 19552.0 3
1771563178046 19552.0 4
1771563265538 19552.0 5
1771563354574 19552.0 6
1771563444266 19552.0 7
1771563534096 19552.0 8
1771563625611 19552.0 9
1771563717533 19552.0 10
1771563810032 19552.0 11
1771563903128 19552.0 12
1771563996826 19552.0 13
1771564090925 19552.0 14
1771564185705 19552.0 15
1771564280637 19552.0 16
1771564375971 19552.0 17
1771564472520 19552.0 18
1771564568813 19552.0 19
1771564664939 19552.0 20
1771564761404 19552.0 21
1771564859279 19552.0 22
1771564957053 19552.0 23
1771565083867 19552.0 24
1771565209080 19552.0 25
1771565334089 19552.0 26
1771565459467 19552.0 27
1771565583677 19552.0 28
1771565708204 19552.0 29
1771565835250 19552.0 30
1771565963340 19552.0 31
1771566106798 19552.0 32
1771566264948 19552.0 33
1771566420380 19552.0 34
1771566552454 19552.0 35
1771566675346 19552.0 36
1771566815229 19552.0 37
1771566954794 19552.0 38
1771567080091 19552.0 39
1771567223670 19552.0 40
1771567381405 19552.0 41
1771567551815 19552.0 42
1771567714971 19552.0 43
1771567880084 19552.0 44
1771568043796 19552.0 45
1771568206555 19552.0 46
1771568334948 19552.0 47
1771568481469 19552.0 48
1771568612195 19552.0 49
1771568777862 19552.0 50
1771568924738 19552.0 51
1771569068272 19552.0 52
1771569205247 19552.0 53
1771569349292 19552.0 54
1771569475064 19552.0 55
1771569597022 19552.0 56
1771569719718 19552.0 57
1771569842686 19552.0 58
1771569966146 19552.0 59
1771570093584 19552.0 60
1771570224379 19552.0 61
1771570356529 19552.0 62
1771570471247 19552.0 63
1771570585759 19552.0 64
1771570700903 19552.0 65
1771570816501 19552.0 66
