1761201099407 2806.0 0
1761201106109 2806.0 1
1761201112985 2806.0 2
1761201120003 2806.0 3
1761201127098 2806.0 4
1761201134313 2806.0 5
1761201141629 2806.0 6
1761201149115 2806.0 7
1761201156593 2806.0 8
1761201164134 2806.0 9
1761201171724 2806.0 10
1761201179391 2806.0 11
1761201187146 2806.0 12
1761201194873 2806.0 13
1761201202700 2806.0 14
1761201210543 2806.0 15
1761201218393 2806.0 16
1761201226199 2806.0 17
1761201234083 2806.0 18
1761201241870 2806.0 19
1761201249697 2806.0 20
1761201257487 2806.0 21
1761201265374 2806.0 22
1761201273186 2806.0 23
1761201281018 2806.0 24
1761201288800 2806.0 25
1761201296615 2806.0 26
1761201304557 2806.0 27
1761201312417 2806.0 28
1761201320285 2806.0 29
1761201328080 2806.0 30
1761201335896 2806.0 31
1761201343729 2806.0 32
1761201351466 2806.0 33
1761201359153 2806.0 34
1761201366845 2806.0 35
1761201374541 2806.0 36
1761201382306 2806.0 37
1761201390029 2806.0 38
1761201397864 2806.0 39
1761201405750 2806.0 40
1761201413428 2806.0 41
1761201421145 2806.0 42
1761201428812 2806.0 43
1761201436567 2806.0 44
1761201444417 2806.0 45
1761201452166 2806.0 46
1761201459953 2806.0 47
1761201467787 2806.0 48
1761201475594 2806.0 49
1761201483355 2806.0 50
1761201491063 2806.0 51
1761201498898 2806.0 52
1761201506627 2806.0 53
1761201514342 2806.0 54
1761201522359 2806.0 55
1761201530439 2806.0 56
1761201538366 2806.0 57
1761201546320 2806.0 58
1761201554277 2806.0 59
1761201562262 2806.0 60
1761201570225 2806.0 61
1761201578184 2806.0 62
1761201586204 2806.0 63
1761201594159 2806.0 64
1761201602163 2806.0 65
1761201610163 2806.0 66
1761201618207 2806.0 67
1761201626154 2806.0 68
1761201634086 2806.0 69
1761201642074 2806.0 70
1761201650098 2806.0 71
1761201658064 2806.0 72
1761201665978 2806.0 73
1761201673924 2806.0 74
1761201681961 2806.0 75
1761201689904 2806.0 76
1761201697860 2806.0 77
1761201705894 2806.0 78
1761201713951 2806.0 79
1761201721926 2806.0 80
1761201729936 2806.0 81
1761201737923 2806.0 82
1761201745869 2806.0 83
1761201753863 2806.0 84
1761201761718 2806.0 85
1761201769756 2806.0 86
1761201777758 2806.0 87
1761201785601 2806.0 88
1761201793531 2806.0 89
1761201801509 2806.0 90
1761201809425 2806.0 91
1761201817295 2806.0 92
1761201825272 2806.0 93
1761201833217 2806.0 94
1761201841134 2806.0 95
1761201849041 2806.0 96
1761201857019 2806.0 97
1761201864935 2806.0 98
1761201872833 2806.0 99
