1761289372059 2354.0 0
1761289378518 2354.0 1
1761289385071 1847.0 2
1761289391620 1847.0 3
1761289398399 1847.0 4
1761289405243 1847.0 5
1761289412127 1847.0 6
1761289419162 1847.0 7
1761289426346 1847.0 8
1761289433482 1847.0 9
1761289440714 1847.0 10
1761289448008 1847.0 11
1761289456007 1847.0 12
1761289465314 1847.0 13
1761289474384 1783.0 14
1761289483349 1783.0 15
1761289492090 1783.0 16
1761289501016 1783.0 17
1761289509658 1783.0 18
1761289518850 1783.0 19
1761289528049 1783.0 20
1761289537023 1783.0 21
1761289546328 1783.0 22
1761289555175 1783.0 23
1761289564202 1783.0 24
1761289572754 1783.0 25
1761289581289 1783.0 26
1761289589730 1783.0 27
1761289598410 1783.0 28
1761289607077 1783.0 29
1761289615332 1783.0 30
1761289623960 1783.0 31
1761289632571 1783.0 32
1761289641357 1783.0 33
1761289650331 1783.0 34
1761289659462 1783.0 35
1761289668675 1783.0 36
1761289678105 1783.0 37
1761289686989 1783.0 38
1761289696184 1783.0 39
1761289705117 1783.0 40
1761289713635 1783.0 41
1761289722065 1783.0 42
1761289730093 1783.0 43
1761289738539 1783.0 44
1761289746790 1783.0 45
1761289754894 1783.0 46
1761289763190 1783.0 47
1761289771576 1783.0 48
1761289780099 1783.0 49
1761289788653 1783.0 50
1761289797695 1783.0 51
1761289806414 1783.0 52
1761289814938 1783.0 53
1761289823342 1783.0 54
1761289832535 1783.0 55
1761289841273 1783.0 56
1761289850531 1783.0 57
1761289859161 1783.0 58
1761289867973 1783.0 59
1761289876686 1783.0 60
1761289885497 1783.0 61
1761289893970 1783.0 62
1761289902430 1783.0 63
1761289910848 1783.0 64
1761289919175 1783.0 65
1761289927405 1783.0 66
1761289935637 1783.0 67
1761289944227 1783.0 68
1761289952731 1783.0 69
1761289961759 1783.0 70
1761289970574 1783.0 71
1761289979328 1783.0 72
1761289987744 1783.0 73
1761289995990 1783.0 74
1761290004248 1783.0 75
1761290012814 1783.0 76
1761290021535 1783.0 77
1761290030228 1783.0 78
1761290038372 1783.0 79
1761290047255 1783.0 80
1761290055847 1783.0 81
1761290064415 1783.0 82
1761290073594 1783.0 83
1761290081819 1783.0 84
1761290089911 1783.0 85
1761290097934 1783.0 86
1761290106113 1783.0 87
1761290114567 1783.0 88
1761290123195 1783.0 89
1761290131480 1783.0 90
1761290140077 1783.0 91
1761290148942 1783.0 92
1761290157617 1783.0 93
1761290165641 1783.0 94
1761290173818 1783.0 95
1761290182167 1783.0 96
1761290190394 1783.0 97
1761290198720 1783.0 98
1761290207208 1783.0 99
