1761198696766 1970.0 0
1761198697095 1688.0 1
1761198697436 1373.0 2
1761198697793 1268.0 3
1761198698143 1073.0 4
1761198698501 973.0 5
1761198698852 873.0 6
1761198699210 871.0 7
1761198699574 773.0 8
1761198699930 773.0 9
1761198700354 773.0 10
1761198700720 773.0 11
1761198701086 673.0 12
1761198701456 671.0 13
1761198701831 571.0 14
1761198702192 569.0 15
1761198702546 569.0 16
1761198702906 569.0 17
1761198703264 562.0 18
1761198703672 562.0 19
1761198704027 562.0 20
1761198704398 562.0 21
1761198704760 562.0 22
1761198705118 557.0 23
1761198705483 557.0 24
1761198705834 557.0 25
1761198706184 557.0 26
1761198706549 557.0 27
1761198706896 557.0 28
1761198707299 557.0 29
1761198707654 450.0 30
1761198708007 450.0 31
1761198708357 450.0 32
1761198708709 350.0 33
1761198709059 350.0 34
1761198709416 350.0 35
1761198709761 350.0 36
1761198710122 350.0 37
1761198710525 350.0 38
1761198710877 350.0 39
1761198711227 348.0 40
1761198711575 348.0 41
1761198711931 348.0 42
1761198712285 346.0 43
1761198712631 346.0 44
1761198712980 346.0 45
1761198713324 346.0 46
1761198713688 346.0 47
1761198714091 346.0 48
1761198714441 346.0 49
1761198714799 346.0 50
1761198715144 346.0 51
1761198715497 346.0 52
1761198715858 346.0 53
1761198716212 346.0 54
1761198716572 346.0 55
1761198716920 346.0 56
1761198717328 346.0 57
1761198717690 346.0 58
1761198718049 346.0 59
1761198718404 346.0 60
1761198718749 346.0 61
1761198719105 346.0 62
1761198719455 346.0 63
1761198719813 346.0 64
1761198720168 346.0 65
1761198720577 346.0 66
1761198720928 346.0 67
1761198721283 346.0 68
1761198721627 346.0 69
1761198721981 346.0 70
1761198722341 346.0 71
1761198722692 346.0 72
1761198723047 346.0 73
1761198723397 346.0 74
1761198723757 346.0 75
1761198724153 346.0 76
1761198724509 346.0 77
1761198724862 346.0 78
1761198725219 346.0 79
1761198725577 346.0 80
1761198725928 346.0 81
1761198726280 346.0 82
1761198726639 346.0 83
1761198726987 346.0 84
1761198727391 346.0 85
1761198727752 346.0 86
1761198728106 346.0 87
1761198728463 346.0 88
1761198728819 346.0 89
1761198729171 346.0 90
1761198729519 346.0 91
1761198729869 346.0 92
1761198730217 346.0 93
1761198730567 346.0 94
1761198730968 346.0 95
1761198731307 346.0 96
1761198731658 346.0 97
1761198732009 346.0 98
1761198732368 346.0 99
