1771905783316 2685.0 0
1771905785429 2685.0 1
1771905787565 2685.0 2
1771905789720 2685.0 3
1771905791905 2585.0 4
1771905794045 2585.0 5
1771905796242 2378.0 6
1771905798420 2378.0 7
1771905800568 2378.0 8
1771905802722 2378.0 9
1771905804852 2378.0 10
1771905807016 2372.0 11
1771905809237 2372.0 12
1771905811326 2365.0 13
1771905813452 2357.0 14
1771905815576 2357.0 15
1771905817716 2357.0 16
1771905819810 2357.0 17
1771905821953 2352.0 18
1771905824110 2252.0 19
1771905826406 2252.0 20
1771905828573 2246.0 21
1771905830725 2139.0 22
1771905832967 2133.0 23
1771905835084 2133.0 24
1771905837148 2133.0 25
1771905839315 2033.0 26
1771905841432 1933.0 27
1771905843680 1933.0 28
1771905845801 1933.0 29
1771905847922 1933.0 30
1771905850110 1933.0 31
1771905852285 1933.0 32
1771905854461 1933.0 33
1771905856619 1933.0 34
1771905858796 1933.0 35
1771905861054 1933.0 36
1771905863188 1933.0 37
1771905865424 1933.0 38
1771905867554 1933.0 39
1771905869748 1933.0 40
1771905871896 1848.0 41
1771905874053 1848.0 42
1771905876342 1848.0 43
1771905878648 1848.0 44
1771905880805 1848.0 45
1771905883037 1848.0 46
1771905885227 1740.0 47
1771905887440 1740.0 48
1771905889635 1740.0 49
1771905891785 1640.0 50
1771905893896 1640.0 51
1771905896163 1638.0 52
1771905898361 1638.0 53
1771905900590 1638.0 54
1771905902737 1638.0 55
1771905904904 1638.0 56
1771905907102 1536.0 57
1771905909407 1536.0 58
1771905911603 1531.0 59
1771905913768 1531.0 60
1771905916077 1531.0 61
1771905918337 1531.0 62
1771905920585 1531.0 63
1771905922840 1531.0 64
1771905925063 1531.0 65
1771905927269 1531.0 66
1771905929452 1531.0 67
1771905931624 1531.0 68
1771905933757 1531.0 69
1771905936182 1531.0 70
1771905938404 1531.0 71
1771905940579 1531.0 72
1771905942775 1531.0 73
1771905944943 1531.0 74
1771905947123 1531.0 75
1771905949301 1531.0 76
1771905951450 1531.0 77
1771905953664 1445.0 78
1771905956060 1445.0 79
1771905958250 1445.0 80
1771905960495 1445.0 81
1771905962710 1445.0 82
1771905964908 1438.0 83
1771905967063 1438.0 84
1771905969290 1438.0 85
1771905971532 1352.0 86
1771905973763 1352.0 87
1771905976092 1352.0 88
1771905978346 1260.0 89
1771905980583 1260.0 90
1771905982861 1260.0 91
1771905985038 1260.0 92
1771905987260 1260.0 93
1771905989493 1260.0 94
1771905991712 1260.0 95
1771905994001 1260.0 96
1771905996223 1260.0 97
1771905998436 1260.0 98
1771906000650 1260.0 99
