1771374967821 19471.0 0
1771375026295 19471.0 1
1771375085627 19471.0 2
1771375144840 19471.0 3
1771375205366 19471.0 4
1771375267770 19471.0 5
1771375332593 19471.0 6
1771375389703 19471.0 7
1771375445855 19471.0 8
1771375501771 19471.0 9
1771375558588 19471.0 10
1771375616229 19471.0 11
1771375674260 19471.0 12
1771375734043 19471.0 13
1771375793967 19471.0 14
1771375853664 19471.0 15
1771375913530 19471.0 16
1771375974429 19471.0 17
1771376037838 19471.0 18
1771376101924 19471.0 19
1771376166685 19471.0 20
1771376229923 19471.0 21
1771376293138 19471.0 22
1771376355430 19471.0 23
1771376418379 19471.0 24
1771376481926 19471.0 25
1771376544537 19471.0 26
1771376607106 19471.0 27
1771376670858 19471.0 28
1771376733566 19471.0 29
1771376797255 19471.0 30
1771376861140 19471.0 31
1771376925989 19471.0 32
1771376988938 19471.0 33
1771377051938 19471.0 34
1771377115324 19471.0 35
1771377179522 19471.0 36
1771377242584 19471.0 37
1771377305944 19471.0 38
1771377369349 19471.0 39
1771377431809 19471.0 40
1771377494774 19471.0 41
1771377559109 19471.0 42
1771377622368 19471.0 43
1771377685821 19471.0 44
1771377747818 19471.0 45
1771377810279 19471.0 46
1771377873267 19471.0 47
1771377937084 19471.0 48
1771378001622 19471.0 49
1771378065734 19471.0 50
1771378142399 19471.0 51
1771378217917 19471.0 52
1771378293782 19471.0 53
1771378369286 19471.0 54
1771378446438 19471.0 55
1771378523478 19471.0 56
1771378598135 19471.0 57
1771378672913 19471.0 58
1771378747754 19471.0 59
1771378823367 19471.0 60
1771378898305 19471.0 61
1771378974251 19471.0 62
1771379042544 19471.0 63
1771379108338 19471.0 64
1771379174693 19471.0 65
1771379239746 19471.0 66
1771379305552 19471.0 67
1771379371806 19471.0 68
1771379437283 19471.0 69
1771379503015 19471.0 70
1771379569173 19471.0 71
1771379634089 19471.0 72
1771379701069 19471.0 73
1771379768140 19471.0 74
1771379833223 19471.0 75
1771379898850 19471.0 76
1771379964716 19471.0 77
1771380030007 19471.0 78
1771380096856 19471.0 79
1771380163516 19471.0 80
1771380229258 19471.0 81
1771380295119 19471.0 82
1771380360858 19471.0 83
1771380426483 19471.0 84
1771380493625 19471.0 85
1771380560258 19471.0 86
1771380626950 19471.0 87
1771380696787 19471.0 88
1771380764563 19471.0 89
1771380831229 19471.0 90
1771380896554 19471.0 91
1771380961942 19471.0 92
1771381027677 19471.0 93
1771381093584 19471.0 94
1771381164634 19471.0 95
1771381240911 19471.0 96
1771381316399 19471.0 97
1771381392795 19471.0 98
1771381468961 19471.0 99
