1771409991814 20438.0 0
1771410004637 20438.0 1
1771410016456 20438.0 2
1771410028431 20438.0 3
1771410040505 20438.0 4
1771410052386 20438.0 5
1771410064350 20438.0 6
1771410076371 20438.0 7
1771410088531 20438.0 8
1771410100569 20438.0 9
1771410112629 20438.0 10
1771410124482 20438.0 11
1771410136373 20438.0 12
1771410148339 20438.0 13
1771410160170 20438.0 14
1771410172182 20438.0 15
1771410183732 20438.0 16
1771410195641 20438.0 17
1771410207521 20438.0 18
1771410219360 20438.0 19
1771410231133 20438.0 20
1771410242662 20438.0 21
1771410254519 20438.0 22
1771410266338 20438.0 23
1771410278116 20438.0 24
1771410290074 20438.0 25
1771410301836 20438.0 26
1771410313812 20438.0 27
1771410325814 20438.0 28
1771410337691 20438.0 29
1771410349668 20438.0 30
1771410361446 20438.0 31
1771410373255 20438.0 32
1771410385074 20438.0 33
1771410398322 20438.0 34
1771410411244 20438.0 35
1771410423931 20438.0 36
1771410435906 20438.0 37
1771410448337 20438.0 38
1771410460705 20438.0 39
1771410473127 20438.0 40
1771410485013 20438.0 41
1771410496842 20438.0 42
1771410508654 20438.0 43
1771410520461 20438.0 44
1771410532379 20438.0 45
1771410544111 20438.0 46
1771410555973 20438.0 47
1771410567937 20438.0 48
1771410579819 20438.0 49
1771410591672 20438.0 50
1771410603272 20438.0 51
1771410615103 20438.0 52
1771410627037 20438.0 53
1771410638646 20438.0 54
1771410650511 20438.0 55
1771410662279 20438.0 56
1771410674155 20438.0 57
1771410685977 20438.0 58
1771410697781 20438.0 59
1771410709614 20438.0 60
1771410721264 20438.0 61
1771410733107 20438.0 62
1771410744982 20438.0 63
1771410756860 20438.0 64
1771410768735 20438.0 65
1771410780485 20438.0 66
1771410792321 20438.0 67
1771410804185 20438.0 68
1771410816071 20438.0 69
1771410827866 20438.0 70
1771410839504 20438.0 71
1771410851323 20438.0 72
1771410863259 20438.0 73
1771410875264 20438.0 74
1771410887133 20438.0 75
1771410898651 20438.0 76
1771410910519 20438.0 77
1771410922180 20438.0 78
1771410933987 20438.0 79
1771410945891 20438.0 80
1771410957718 20438.0 81
1771410969557 20438.0 82
1771410981480 20438.0 83
1771410993376 20438.0 84
1771411005184 20438.0 85
1771411016752 20438.0 86
1771411028470 20438.0 87
1771411040210 20438.0 88
1771411051876 20438.0 89
1771411063660 20438.0 90
1771411075367 20438.0 91
1771411087153 20438.0 92
1771411099006 20438.0 93
1771411110946 20438.0 94
1771411122763 20438.0 95
1771411134430 20438.0 96
1771411146256 20438.0 97
1771411158172 20438.0 98
1771411170012 20438.0 99
