1771838911637 2240.0 0
1771838915222 2240.0 1
1771838916850 2240.0 2
1771838918235 2240.0 3
1771838919872 2240.0 4
1771838921441 2240.0 5
1771838923290 2240.0 6
1771838924866 2240.0 7
1771838926076 2240.0 8
1771838927349 2240.0 9
1771838928572 2240.0 10
1771838929903 2240.0 11
1771838931171 2240.0 12
1771838932464 2240.0 13
1771838933825 2240.0 14
1771838935254 2240.0 15
1771838936762 2240.0 16
1771838938148 2240.0 17
1771838939450 2240.0 18
1771838940740 2240.0 19
1771838942054 2240.0 20
1771838943354 2240.0 21
1771838944590 2240.0 22
1771838945820 2240.0 23
1771838947325 2240.0 24
1771838948585 2240.0 25
1771838950248 2240.0 26
1771838952004 2240.0 27
1771838953777 2240.0 28
1771838955327 2240.0 29
1771838956892 2240.0 30
1771838958556 2240.0 31
1771838960019 2240.0 32
1771838961649 2240.0 33
1771838963187 2240.0 34
1771838964480 2240.0 35
1771838965704 2240.0 36
1771838967042 2240.0 37
1771838968317 2240.0 38
1771838969496 2240.0 39
1771838970820 2240.0 40
1771838972101 2240.0 41
1771838973333 2240.0 42
1771838974735 2240.0 43
1771838975971 2240.0 44
1771838977171 2240.0 45
1771838978445 2240.0 46
1771838979647 2240.0 47
1771838980829 2240.0 48
1771838982090 2240.0 49
1771838983277 2240.0 50
1771838984449 2240.0 51
1771838985636 2240.0 52
1771838986815 2240.0 53
1771838988064 2240.0 54
1771838989268 2240.0 55
1771838990500 2240.0 56
1771838991725 2240.0 57
1771838992908 2240.0 58
1771838994164 2240.0 59
1771838995383 2240.0 60
1771838996607 2240.0 61
1771838997882 2240.0 62
1771838999092 2240.0 63
1771839000465 2240.0 64
1771839001666 2240.0 65
1771839002965 2240.0 66
1771839004202 2240.0 67
1771839005401 2240.0 68
1771839006606 2240.0 69
1771839007803 2240.0 70
1771839009001 2240.0 71
1771839010186 2240.0 72
1771839011373 2240.0 73
1771839012563 2240.0 74
1771839013755 2240.0 75
1771839014996 2240.0 76
1771839016196 2240.0 77
1771839017413 2240.0 78
1771839018620 2240.0 79
1771839019830 2240.0 80
1771839021047 2240.0 81
1771839022303 2240.0 82
1771839023891 2240.0 83
1771839025383 2240.0 84
1771839026705 2240.0 85
1771839027958 2240.0 86
1771839029219 2240.0 87
1771839030483 2240.0 88
1771839031733 2240.0 89
1771839032971 2240.0 90
1771839034194 2240.0 91
1771839035412 2240.0 92
1771839036601 2240.0 93
1771839037818 2240.0 94
1771839039290 2240.0 95
1771839040769 2240.0 96
1771839042321 2240.0 97
1771839043991 2240.0 98
1771839045425 2240.0 99
