1761199886947 1776.0 0
1761199887513 1776.0 1
1761199888080 1776.0 2
1761199888649 1676.0 3
1761199889211 1576.0 4
1761199889790 1576.0 5
1761199890345 1576.0 6
1761199890925 1576.0 7
1761199891498 1570.0 8
1761199892072 1570.0 9
1761199892654 1570.0 10
1761199893242 1570.0 11
1761199893827 1570.0 12
1761199894404 1570.0 13
1761199894976 1449.0 14
1761199895555 1449.0 15
1761199896139 1349.0 16
1761199896735 1349.0 17
1761199897344 1349.0 18
1761199897943 1349.0 19
1761199898539 1349.0 20
1761199899113 1349.0 21
1761199899726 1349.0 22
1761199900329 1349.0 23
1761199900909 1349.0 24
1761199901498 1349.0 25
1761199902088 1349.0 26
1761199902683 1349.0 27
1761199903256 1349.0 28
1761199903848 1349.0 29
1761199904414 1349.0 30
1761199905002 1349.0 31
1761199905588 1349.0 32
1761199906163 1349.0 33
1761199906760 1349.0 34
1761199907341 1349.0 35
1761199907931 1349.0 36
1761199908517 1349.0 37
1761199909102 1349.0 38
1761199909689 1349.0 39
1761199910276 1349.0 40
1761199910863 1267.0 41
1761199911451 1267.0 42
1761199912023 1265.0 43
1761199912583 1265.0 44
1761199913162 1065.0 45
1761199913737 1065.0 46
1761199914316 1065.0 47
1761199914891 1065.0 48
1761199915457 1065.0 49
1761199916047 965.0 50
1761199916613 965.0 51
1761199917202 965.0 52
1761199917782 965.0 53
1761199918375 963.0 54
1761199918957 863.0 55
1761199919544 858.0 56
1761199920112 858.0 57
1761199920693 858.0 58
1761199921252 858.0 59
1761199921824 858.0 60
1761199922404 858.0 61
1761199922968 752.0 62
1761199923544 752.0 63
1761199924119 652.0 64
1761199924681 652.0 65
1761199925268 652.0 66
1761199925850 652.0 67
1761199926428 652.0 68
1761199926998 652.0 69
1761199927569 652.0 70
1761199928129 652.0 71
1761199928699 652.0 72
1761199929251 652.0 73
1761199929826 652.0 74
1761199930402 652.0 75
1761199930987 652.0 76
1761199931566 652.0 77
1761199932141 652.0 78
1761199932705 652.0 79
1761199933265 652.0 80
1761199933826 652.0 81
1761199934382 652.0 82
1761199934938 652.0 83
1761199935501 652.0 84
1761199936043 652.0 85
1761199936600 652.0 86
1761199937154 652.0 87
1761199937731 652.0 88
1761199938297 652.0 89
1761199938866 652.0 90
1761199939406 652.0 91
1761199939932 652.0 92
1761199940475 652.0 93
1761199941067 652.0 94
1761199941609 652.0 95
1761199942156 652.0 96
1761199942714 652.0 97
1761199943249 652.0 98
1761199943798 652.0 99
