1761286637970 3170.0 0
1761286638566 3170.0 1
1761286639127 3170.0 2
1761286639664 3170.0 3
1761286640214 3170.0 4
1761286640756 3170.0 5
1761286641269 3170.0 6
1761286641766 3170.0 7
1761286642251 3170.0 8
1761286642738 3170.0 9
1761286643242 3170.0 10
1761286643721 3170.0 11
1761286644214 3170.0 12
1761286644705 3170.0 13
1761286645188 3170.0 14
1761286645691 3170.0 15
1761286646180 3170.0 16
1761286646676 3170.0 17
1761286647162 3170.0 18
1761286647654 3170.0 19
1761286648141 3170.0 20
1761286648644 3170.0 21
1761286649130 3170.0 22
1761286649622 3170.0 23
1761286650115 3170.0 24
1761286650614 3170.0 25
1761286651098 3170.0 26
1761286651593 3170.0 27
1761286652089 3170.0 28
1761286652578 3170.0 29
1761286653062 3170.0 30
1761286653559 3170.0 31
1761286654052 3170.0 32
1761286654537 3170.0 33
1761286655024 3170.0 34
1761286655536 3170.0 35
1761286656022 3170.0 36
1761286656511 3170.0 37
1761286657005 3170.0 38
1761286657499 3170.0 39
1761286657984 3170.0 40
1761286658484 3170.0 41
1761286658984 3170.0 42
1761286659475 3170.0 43
1761286659981 3170.0 44
1761286660473 3170.0 45
1761286660970 3170.0 46
1761286661463 3170.0 47
1761286661960 3170.0 48
1761286662456 3170.0 49
1761286662949 3170.0 50
1761286663452 3170.0 51
1761286663949 3170.0 52
1761286664441 3170.0 53
1761286664939 3170.0 54
1761286665438 3170.0 55
1761286665930 3170.0 56
1761286666417 3170.0 57
1761286666914 3170.0 58
1761286667406 3170.0 59
1761286667908 3170.0 60
1761286668401 3170.0 61
1761286668910 3170.0 62
1761286669420 3170.0 63
1761286669913 3170.0 64
1761286670397 3170.0 65
1761286670900 3170.0 66
1761286671395 3170.0 67
1761286671893 3170.0 68
1761286672385 3170.0 69
1761286672886 3170.0 70
1761286673379 3170.0 71
1761286673872 3170.0 72
1761286674373 3170.0 73
1761286674873 3170.0 74
1761286675361 3170.0 75
1761286675857 3170.0 76
1761286676353 3170.0 77
1761286676839 3170.0 78
1761286677332 3170.0 79
1761286677815 3170.0 80
1761286678313 3170.0 81
1761286678810 3170.0 82
1761286679313 3170.0 83
1761286679810 3170.0 84
1761286680320 3170.0 85
1761286680811 3170.0 86
1761286681311 3170.0 87
1761286681805 3170.0 88
1761286682285 3170.0 89
1761286682782 3170.0 90
1761286683263 3170.0 91
1761286683750 3170.0 92
1761286684244 3170.0 93
1761286684738 3170.0 94
1761286685217 3170.0 95
1761286685717 3170.0 96
1761286686215 3170.0 97
1761286686702 3170.0 98
1761286687186 3170.0 99
