1761201501335 1946.0 0
1761201501656 1946.0 1
1761201501915 1946.0 2
1761201502179 1946.0 3
1761201502450 1946.0 4
1761201502701 1946.0 5
1761201502957 1946.0 6
1761201503223 1946.0 7
1761201503477 1946.0 8
1761201503723 1946.0 9
1761201503971 1946.0 10
1761201504224 1946.0 11
1761201504482 1946.0 12
1761201504731 1946.0 13
1761201504981 1946.0 14
1761201505235 1946.0 15
1761201505480 1946.0 16
1761201505734 1946.0 17
1761201505996 1946.0 18
1761201506250 1946.0 19
1761201506500 1946.0 20
1761201506752 1946.0 21
1761201506999 1946.0 22
1761201507246 1946.0 23
1761201507498 1946.0 24
1761201507749 1946.0 25
1761201508000 1946.0 26
1761201508247 1946.0 27
1761201508510 1946.0 28
1761201508764 1946.0 29
1761201509020 1946.0 30
1761201509275 1946.0 31
1761201509523 1946.0 32
1761201509779 1946.0 33
1761201510025 1946.0 34
1761201510329 1946.0 35
1761201510638 1946.0 36
1761201510926 1946.0 37
1761201511229 1946.0 38
1761201511517 1946.0 39
1761201511822 1946.0 40
1761201512119 1946.0 41
1761201512419 1946.0 42
1761201512763 1946.0 43
1761201513088 1946.0 44
1761201513422 1946.0 45
1761201513741 1946.0 46
1761201514040 1946.0 47
1761201514397 1946.0 48
1761201514704 1946.0 49
1761201515047 1946.0 50
1761201515350 1946.0 51
1761201515628 1946.0 52
1761201515935 1946.0 53
1761201516238 1946.0 54
1761201516533 1946.0 55
1761201516814 1946.0 56
1761201517103 1946.0 57
1761201517409 1946.0 58
1761201517668 1946.0 59
1761201517915 1946.0 60
1761201518165 1946.0 61
1761201518415 1946.0 62
1761201518664 1946.0 63
1761201518914 1946.0 64
1761201519160 1946.0 65
1761201519407 1946.0 66
1761201519662 1946.0 67
1761201519913 1946.0 68
1761201520166 1946.0 69
1761201520415 1946.0 70
1761201520666 1946.0 71
1761201520912 1946.0 72
1761201521158 1946.0 73
1761201521404 1946.0 74
1761201521652 1946.0 75
1761201521902 1946.0 76
1761201522154 1946.0 77
1761201522399 1946.0 78
1761201522655 1946.0 79
1761201522910 1946.0 80
1761201523164 1946.0 81
1761201523411 1946.0 82
1761201523658 1946.0 83
1761201523915 1946.0 84
1761201524162 1946.0 85
1761201524426 1946.0 86
1761201524681 1946.0 87
1761201524923 1946.0 88
1761201525171 1946.0 89
1761201525419 1946.0 90
1761201525670 1946.0 91
1761201525917 1946.0 92
1761201526164 1946.0 93
1761201526416 1946.0 94
1761201526666 1946.0 95
1761201526916 1946.0 96
1761201527165 1946.0 97
1761201527416 1946.0 98
1761201527665 1946.0 99
