1761121055868 20925.0 0
1761121057775 20151.0 1
1761121059703 18842.0 2
1761121061715 18356.0 3
1761121063717 17765.0 4
1761121065699 17363.0 5
1761121067774 16963.0 6
1761121069785 16863.0 7
1761121071817 16763.0 8
1761121073959 16664.0 9
1761121076000 16564.0 10
1761121078072 16464.0 11
1761121080204 16364.0 12
1761121082287 16264.0 13
1761121084405 16256.0 14
1761121086466 16256.0 15
1761121088577 16164.0 16
1761121090637 16156.0 17
1761121092726 16064.0 18
1761121094901 15964.0 19
1761121096957 15956.0 20
1761121099023 15856.0 21
1761121101151 15855.0 22
1761121103213 15853.0 23
1761121105311 15853.0 24
1761121107440 15853.0 25
1761121109497 15746.0 26
1761121111560 15648.0 27
1761121113701 15548.0 28
1761121115786 15548.0 29
1761121117859 15355.0 30
1761121119981 15255.0 31
1761121122060 15246.0 32
1761121124139 15146.0 33
1761121126358 15039.0 34
1761121128451 15032.0 35
1761121130527 14932.0 36
1761121132593 14832.0 37
1761121134713 14732.0 38
1761121136817 14632.0 39
1761121138893 14532.0 40
1761121141026 14532.0 41
1761121143120 14332.0 42
1761121145203 14332.0 43
1761121147369 14232.0 44
1761121149444 14132.0 45
1761121151514 14040.0 46
1761121153665 13940.0 47
1761121155734 13832.0 48
1761121157844 13640.0 49
1761121160016 13540.0 50
1761121162095 13533.0 51
1761121164176 13333.0 52
1761121166317 13333.0 53
1761121168430 13333.0 54
1761121170484 13333.0 55
1761121172628 13233.0 56
1761121174713 13133.0 57
1761121176817 13124.0 58
1761121178947 13019.0 59
1761121181099 12919.0 60
1761121183196 12919.0 61
1761121185283 12919.0 62
1761121187500 12917.0 63
1761121189682 12817.0 64
1761121191800 12817.0 65
1761121193982 12717.0 66
1761121196079 12717.0 67
1761121198202 12715.0 68
1761121200395 12615.0 69
1761121202500 12615.0 70
1761121204619 12515.0 71
1761121206801 12515.0 72
1761121208933 12415.0 73
1761121211066 12409.0 74
1761121213237 12309.0 75
1761121215362 12209.0 76
1761121217499 12109.0 77
1761121219725 12009.0 78
1761121221843 11909.0 79
1761121223972 11902.0 80
1761121226095 11902.0 81
1761121228267 11802.0 82
1761121230419 11802.0 83
1761121232550 11702.0 84
1761121234746 11602.0 85
1761121236866 11602.0 86
1761121238988 11602.0 87
1761121241210 11502.0 88
1761121243351 11502.0 89
1761121245499 11402.0 90
1761121247711 11402.0 91
1761121249886 11302.0 92
1761121252028 11102.0 93
1761121254242 11100.0 94
1761121256382 11000.0 95
1761121258507 10900.0 96
1761121260745 10900.0 97
1761121262884 10900.0 98
1761121265013 10800.0 99
