1771401789698 21309.0 0
1771401794650 19959.0 1
1771401799651 19154.0 2
1771401804830 18060.0 3
1771401810119 17446.0 4
1771401815423 17049.0 5
1771401820655 16646.0 6
1771401825908 16546.0 7
1771401831138 16446.0 8
1771401836439 16254.0 9
1771401841625 16054.0 10
1771401846965 16054.0 11
1771401852221 16046.0 12
1771401857559 15954.0 13
1771401862741 15854.0 14
1771401868022 15754.0 15
1771401873163 15654.0 16
1771401878314 15654.0 17
1771401883588 15554.0 18
1771401888703 15454.0 19
1771401893940 15354.0 20
1771401899121 15254.0 21
1771401904416 15153.0 22
1771401909665 15053.0 23
1771401914958 15053.0 24
1771401920343 14953.0 25
1771401925529 14853.0 26
1771401930754 14851.0 27
1771401935989 14851.0 28
1771401941129 14751.0 29
1771401946332 14651.0 30
1771401951723 14651.0 31
1771401956938 14651.0 32
1771401962222 14551.0 33
1771401967625 14551.0 34
1771401972939 14544.0 35
1771401978147 14538.0 36
1771401983385 14538.0 37
1771401988619 14438.0 38
1771401993944 14331.0 39
1771401999151 14231.0 40
1771402004407 14133.0 41
1771402009623 14131.0 42
1771402014858 14031.0 43
1771402020113 13926.0 44
1771402025106 13924.0 45
1771402030239 13824.0 46
1771402035479 13824.0 47
1771402040777 13724.0 48
1771402046025 13624.0 49
1771402051275 13624.0 50
1771402056557 13622.0 51
1771402061821 13620.0 52
1771402066986 13614.0 53
1771402072269 13614.0 54
1771402077283 13614.0 55
1771402082503 13514.0 56
1771402087654 13414.0 57
1771402092913 13412.0 58
1771402098180 13412.0 59
1771402103342 13412.0 60
1771402108505 13312.0 61
1771402113785 13212.0 62
1771402119040 13112.0 63
1771402124077 13012.0 64
1771402129274 12912.0 65
1771402134646 12812.0 66
1771402139900 12712.0 67
1771402145053 12706.0 68
1771402150175 12612.0 69
1771402155458 12606.0 70
1771402160689 12604.0 71
1771402166196 12510.0 72
1771402171260 12504.0 73
1771402176632 12310.0 74
1771402181802 12310.0 75
1771402187189 12310.0 76
1771402192423 12310.0 77
1771402197640 12210.0 78
1771402202972 12110.0 79
1771402208176 12010.0 80
1771402213424 11908.0 81
1771402218827 11908.0 82
1771402224149 11808.0 83
1771402229551 11708.0 84
1771402235295 11708.0 85
1771402241191 11708.0 86
1771402247032 11608.0 87
1771402253551 11608.0 88
1771402258780 11608.0 89
1771402264070 11508.0 90
1771402269330 11508.0 91
1771402274635 11508.0 92
1771402280075 11508.0 93
1771402285394 11508.0 94
1771402290712 11508.0 95
1771402296741 11408.0 96
1771402302865 11308.0 97
1771402308918 11208.0 98
1771402314444 11108.0 99
