1761205426490 2266.0 0
1761205432440 1903.0 1
1761205438468 1903.0 2
1761205444624 1903.0 3
1761205450908 1903.0 4
1761205457226 1903.0 5
1761205463641 1903.0 6
1761205470131 1903.0 7
1761205476727 1903.0 8
1761205483312 1903.0 9
1761205489957 1903.0 10
1761205496701 1903.0 11
1761205503475 1903.0 12
1761205510332 1903.0 13
1761205517181 1903.0 14
1761205523996 1903.0 15
1761205530850 1903.0 16
1761205537775 1903.0 17
1761205544692 1903.0 18
1761205551685 1903.0 19
1761205558631 1903.0 20
1761205565660 1903.0 21
1761205572641 1903.0 22
1761205579567 1903.0 23
1761205586564 1903.0 24
1761205593501 1903.0 25
1761205600529 1903.0 26
1761205607499 1903.0 27
1761205614471 1903.0 28
1761205621474 1903.0 29
1761205628507 1903.0 30
1761205635564 1903.0 31
1761205642604 1903.0 32
1761205649905 1903.0 33
1761205656993 1903.0 34
1761205664146 1903.0 35
1761205671215 1903.0 36
1761205678265 1903.0 37
1761205685315 1903.0 38
1761205692446 1903.0 39
1761205699463 1903.0 40
1761205706497 1903.0 41
1761205713536 1903.0 42
1761205720632 1903.0 43
1761205727776 1903.0 44
1761205734823 1903.0 45
1761205741886 1903.0 46
1761205748980 1903.0 47
1761205756123 1903.0 48
1761205763241 1903.0 49
1761205770298 1903.0 50
1761205777339 1903.0 51
1761205784423 1903.0 52
1761205791564 1903.0 53
1761205798651 1903.0 54
1761205805802 1903.0 55
1761205812879 1903.0 56
1761205820014 1903.0 57
1761205827087 1903.0 58
1761205834180 1903.0 59
1761205841215 1903.0 60
1761205848268 1903.0 61
1761205855392 1903.0 62
1761205862472 1903.0 63
1761205869514 1903.0 64
1761205876555 1903.0 65
1761205883696 1903.0 66
1761205890809 1903.0 67
1761205897980 1903.0 68
1761205905110 1903.0 69
1761205912356 1903.0 70
1761205919532 1903.0 71
1761205926691 1903.0 72
1761205933877 1903.0 73
1761205941019 1903.0 74
1761205948264 1903.0 75
1761205955427 1903.0 76
1761205962568 1903.0 77
1761205969734 1903.0 78
1761205976925 1903.0 79
1761205984007 1903.0 80
1761205991159 1903.0 81
1761205998286 1903.0 82
1761206005367 1903.0 83
1761206012555 1903.0 84
1761206019810 1903.0 85
1761206026981 1903.0 86
1761206034062 1903.0 87
1761206041271 1903.0 88
1761206048400 1903.0 89
1761206055485 1903.0 90
1761206062562 1903.0 91
1761206069708 1903.0 92
1761206076753 1903.0 93
1761206083914 1903.0 94
1761206091009 1903.0 95
1761206098139 1903.0 96
1761206105259 1903.0 97
1761206112342 1903.0 98
1761206119423 1903.0 99
