1771390785652 20096.0 0
1771390790486 19841.0 1
1771390795536 18346.0 2
1771390800741 17529.0 3
1771390806141 17027.0 4
1771390811638 16633.0 5
1771390817077 16535.0 6
1771390822677 16433.0 7
1771390828187 16336.0 8
1771390833700 16236.0 9
1771390839222 16136.0 10
1771390844746 16134.0 11
1771390850209 16128.0 12
1771390855830 15928.0 13
1771390861304 15828.0 14
1771390866828 15828.0 15
1771390872381 15628.0 16
1771390877929 15628.0 17
1771390883428 15528.0 18
1771390888990 15428.0 19
1771390894598 15428.0 20
1771390900328 15328.0 21
1771390905931 15228.0 22
1771390911463 15128.0 23
1771390917134 15128.0 24
1771390922712 15028.0 25
1771390928241 14928.0 26
1771390933762 14828.0 27
1771390939358 14728.0 28
1771390945005 14626.0 29
1771390950482 14619.0 30
1771390956071 14525.0 31
1771390961606 14425.0 32
1771390967190 14225.0 33
1771390972696 14125.0 34
1771390978430 14114.0 35
1771390984140 14006.0 36
1771390989546 13906.0 37
1771390995174 13806.0 38
1771391000807 13706.0 39
1771391006352 13606.0 40
1771391011899 13404.0 41
1771391017414 13302.0 42
1771391022972 13302.0 43
1771391028604 13202.0 44
1771391034383 13102.0 45
1771391039884 12987.0 46
1771391045428 12987.0 47
1771391051019 12985.0 48
1771391056550 12985.0 49
1771391062123 12985.0 50
1771391067666 12885.0 51
1771391073319 12878.0 52
1771391078839 12785.0 53
1771391084489 12678.0 54
1771391089876 12678.0 55
1771391095357 12671.0 56
1771391100930 12571.0 57
1771391106563 12569.0 58
1771391112165 12469.0 59
1771391117847 12369.0 60
1771391123335 12364.0 61
1771391128959 12264.0 62
1771391134544 12257.0 63
1771391140110 12157.0 64
1771391145719 12057.0 65
1771391151358 11957.0 66
1771391156967 11857.0 67
1771391162609 11857.0 68
1771391168209 11757.0 69
1771391174040 11657.0 70
1771391179552 11557.0 71
1771391185197 11557.0 72
1771391190794 11457.0 73
1771391196415 11457.0 74
1771391201995 11457.0 75
1771391207603 11455.0 76
1771391213245 11355.0 77
1771391219064 11255.0 78
1771391224614 11071.0 79
1771391230374 10971.0 80
1771391236034 10971.0 81
1771391241669 10963.0 82
1771391247289 10963.0 83
1771391253116 10963.0 84
1771391258693 10863.0 85
1771391264359 10855.0 86
1771391270066 10841.0 87
1771391275733 10741.0 88
1771391281427 10641.0 89
1771391287032 10541.0 90
1771391292678 10541.0 91
1771391298482 10441.0 92
1771391303991 10441.0 93
1771391309669 10436.0 94
1771391315272 10436.0 95
1771391320922 10436.0 96
1771391326612 10336.0 97
1771391332226 10336.0 98
1771391337806 10236.0 99
