1761117206217 20688.0 0
1761117209655 20688.0 1
1761117213118 20588.0 2
1761117216618 20488.0 3
1761117220091 20488.0 4
1761117223575 20388.0 5
1761117227008 20388.0 6
1761117230529 20288.0 7
1761117234032 20188.0 8
1761117237509 20188.0 9
1761117241056 20188.0 10
1761117244607 20188.0 11
1761117248368 20188.0 12
1761117252015 20188.0 13
1761117255782 20188.0 14
1761117259466 20088.0 15
1761117263164 20088.0 16
1761117266866 19888.0 17
1761117270510 19880.0 18
1761117274151 19880.0 19
1761117277618 19880.0 20
1761117281121 19880.0 21
1761117284742 19880.0 22
1761117288218 19880.0 23
1761117291696 19580.0 24
1761117295235 19580.0 25
1761117298814 19575.0 26
1761117302356 19575.0 27
1761117305862 19567.0 28
1761117309392 19567.0 29
1761117312952 19567.0 30
1761117316503 19567.0 31
1761117320037 19467.0 32
1761117323562 19467.0 33
1761117327129 19467.0 34
1761117330726 19467.0 35
1761117334304 19367.0 36
1761117337852 19367.0 37
1761117341390 19265.0 38
1761117344895 18979.0 39
1761117348543 18979.0 40
1761117352091 18979.0 41
1761117355633 18879.0 42
1761117359183 18879.0 43
1761117362778 18879.0 44
1761117366316 18879.0 45
1761117369912 18479.0 46
1761117373454 18479.0 47
1761117377004 18479.0 48
1761117380658 18470.0 49
1761117384194 18470.0 50
1761117387734 18470.0 51
1761117391324 18370.0 52
1761117394911 18370.0 53
1761117398500 18370.0 54
1761117402066 18370.0 55
1761117405612 18370.0 56
1761117409144 18365.0 57
1761117412708 18365.0 58
1761117416260 18365.0 59
1761117419821 18365.0 60
1761117423389 18268.0 61
1761117426976 18268.0 62
1761117430550 18162.0 63
1761117434111 18162.0 64
1761117437715 18135.0 65
1761117441269 18135.0 66
1761117444801 18035.0 67
1761117448329 17857.0 68
1761117451893 17757.0 69
1761117455522 17757.0 70
1761117459062 17753.0 71
1761117462596 17745.0 72
1761117466158 17745.0 73
1761117469686 17745.0 74
1761117473296 17743.0 75
1761117476860 17743.0 76
1761117480427 17743.0 77
1761117483969 17743.0 78
1761117487537 17743.0 79
1761117491128 17743.0 80
1761117494763 17735.0 81
1761117498316 17690.0 82
1761117501892 17684.0 83
1761117505457 17489.0 84
1761117509019 17289.0 85
1761117512650 17189.0 86
1761117516240 17097.0 87
1761117519800 17097.0 88
1761117523340 16997.0 89
1761117526937 16997.0 90
1761117530577 16797.0 91
1761117534124 16497.0 92
1761117537727 16399.0 93
1761117541277 16392.0 94
1761117544832 16292.0 95
1761117548457 16292.0 96
1761117552123 16292.0 97
1761117555743 16292.0 98
1761117559379 16292.0 99
