1761207638259 2481.0 0
1761207644133 2083.0 1
1761207650172 2083.0 2
1761207656255 2083.0 3
1761207662537 2083.0 4
1761207668809 2083.0 5
1761207675141 2083.0 6
1761207681598 2071.0 7
1761207688146 2071.0 8
1761207694683 1578.0 9
1761207701355 1578.0 10
1761207708055 1578.0 11
1761207714821 1578.0 12
1761207721680 1578.0 13
1761207728466 1578.0 14
1761207735303 1578.0 15
1761207742131 1578.0 16
1761207749015 1578.0 17
1761207755851 1578.0 18
1761207762720 1578.0 19
1761207769573 1578.0 20
1761207776488 1578.0 21
1761207783399 1578.0 22
1761207790301 1578.0 23
1761207797188 1578.0 24
1761207804123 1578.0 25
1761207811072 1578.0 26
1761207818003 1578.0 27
1761207824962 1578.0 28
1761207831810 1578.0 29
1761207838707 1578.0 30
1761207845631 1578.0 31
1761207852557 1578.0 32
1761207859488 1578.0 33
1761207866449 1578.0 34
1761207873416 1578.0 35
1761207880265 1578.0 36
1761207887199 1578.0 37
1761207894074 1578.0 38
1761207901037 1578.0 39
1761207907968 1578.0 40
1761207914873 1578.0 41
1761207921776 1578.0 42
1761207928627 1578.0 43
1761207935623 1578.0 44
1761207942517 1578.0 45
1761207949486 1578.0 46
1761207956370 1578.0 47
1761207963321 1578.0 48
1761207970230 1578.0 49
1761207977196 1578.0 50
1761207984137 1578.0 51
1761207991187 1578.0 52
1761207998109 1578.0 53
1761208004976 1578.0 54
1761208011903 1578.0 55
1761208018740 1578.0 56
1761208025695 1578.0 57
1761208032560 1578.0 58
1761208039432 1578.0 59
1761208046322 1578.0 60
1761208053268 1578.0 61
1761208060164 1578.0 62
1761208067047 1578.0 63
1761208074000 1578.0 64
1761208080892 1578.0 65
1761208087882 1578.0 66
1761208094812 1578.0 67
1761208101716 1578.0 68
1761208108660 1578.0 69
1761208115644 1578.0 70
1761208122574 1578.0 71
1761208129458 1578.0 72
1761208136403 1578.0 73
1761208143322 1578.0 74
1761208150277 1578.0 75
1761208157190 1578.0 76
1761208164096 1578.0 77
1761208171025 1578.0 78
1761208177997 1578.0 79
1761208184906 1578.0 80
1761208191784 1578.0 81
1761208198693 1578.0 82
1761208205553 1578.0 83
1761208212514 1578.0 84
1761208219428 1578.0 85
1761208226331 1578.0 86
1761208233270 1578.0 87
1761208240255 1578.0 88
1761208247152 1578.0 89
1761208254035 1578.0 90
1761208260950 1578.0 91
1761208267854 1578.0 92
1761208274768 1578.0 93
1761208281703 1578.0 94
1761208288580 1578.0 95
1761208295466 1578.0 96
1761208302433 1578.0 97
1761208309288 1578.0 98
1761208316201 1578.0 99
