1761203094637 3484.0 0
1761203101278 3484.0 1
1761203108116 3484.0 2
1761203115102 3329.0 3
1761203122075 3226.0 4
1761203129167 3214.0 5
1761203136369 3214.0 6
1761203143923 3214.0 7
1761203151419 3214.0 8
1761203158986 3214.0 9
1761203166543 3214.0 10
1761203174167 3214.0 11
1761203181742 3144.0 12
1761203189340 3144.0 13
1761203197193 2641.0 14
1761203204892 2641.0 15
1761203212626 2641.0 16
1761203220341 2641.0 17
1761203228153 2641.0 18
1761203235893 2641.0 19
1761203243635 2641.0 20
1761203251391 2641.0 21
1761203259289 2641.0 22
1761203267024 2641.0 23
1761203274833 2641.0 24
1761203282875 2641.0 25
1761203291042 2641.0 26
1761203299067 2641.0 27
1761203306979 2641.0 28
1761203314926 2641.0 29
1761203322787 2641.0 30
1761203330638 2641.0 31
1761203338583 2641.0 32
1761203346528 2641.0 33
1761203354521 2641.0 34
1761203362461 2641.0 35
1761203370434 2641.0 36
1761203378424 2641.0 37
1761203386393 2641.0 38
1761203394371 2641.0 39
1761203402315 2641.0 40
1761203410350 2641.0 41
1761203418334 2641.0 42
1761203426321 2641.0 43
1761203434296 2641.0 44
1761203442370 2641.0 45
1761203450376 2641.0 46
1761203458354 2641.0 47
1761203466345 2641.0 48
1761203474338 2641.0 49
1761203482272 2641.0 50
1761203490204 2641.0 51
1761203498182 2641.0 52
1761203506206 2641.0 53
1761203514167 2641.0 54
1761203522182 2641.0 55
1761203530362 2641.0 56
1761203538448 2641.0 57
1761203546364 2641.0 58
1761203554255 2641.0 59
1761203562389 2641.0 60
1761203570488 2641.0 61
1761203578454 2641.0 62
1761203586420 2641.0 63
1761203594242 2641.0 64
1761203602156 2641.0 65
1761203610053 2641.0 66
1761203617995 2641.0 67
1761203625936 2641.0 68
1761203633909 2641.0 69
1761203641862 2641.0 70
1761203649860 2641.0 71
1761203657798 2641.0 72
1761203665697 2641.0 73
1761203673538 2641.0 74
1761203681437 2641.0 75
1761203689315 2641.0 76
1761203697325 2641.0 77
1761203705287 2641.0 78
1761203713285 2641.0 79
1761203721159 2641.0 80
1761203729120 2641.0 81
1761203737570 2641.0 82
1761203745503 2641.0 83
1761203753468 2641.0 84
1761203761432 2641.0 85
1761203769451 2641.0 86
1761203777375 2641.0 87
1761203785316 2641.0 88
1761203793230 2641.0 89
1761203801117 2641.0 90
1761203809073 2641.0 91
1761203817085 2641.0 92
1761203825021 2641.0 93
1761203832985 2641.0 94
1761203840891 2641.0 95
1761203848865 2641.0 96
1761203856873 2641.0 97
1761203864841 2641.0 98
1761203872768 2641.0 99
