1761209761336 1947.0 0
1761209767575 1947.0 1
1761209773965 1947.0 2
1761209780470 1947.0 3
1761209787136 1947.0 4
1761209793891 1947.0 5
1761209800751 1947.0 6
1761209807692 1947.0 7
1761209814829 1774.0 8
1761209821934 1774.0 9
1761209829050 1774.0 10
1761209836256 1774.0 11
1761209843470 1774.0 12
1761209850792 1774.0 13
1761209858123 1774.0 14
1761209865486 1774.0 15
1761209872832 1774.0 16
1761209880322 1774.0 17
1761209887734 1774.0 18
1761209895136 1774.0 19
1761209902530 1774.0 20
1761209909969 1774.0 21
1761209917421 1774.0 22
1761209924853 1774.0 23
1761209932336 1774.0 24
1761209939753 1774.0 25
1761209947264 1774.0 26
1761209954653 1774.0 27
1761209962029 1774.0 28
1761209969426 1774.0 29
1761209977011 1774.0 30
1761209984535 1774.0 31
1761209992028 1774.0 32
1761209999557 1774.0 33
1761210007012 1774.0 34
1761210014548 1774.0 35
1761210022047 1774.0 36
1761210029516 1774.0 37
1761210036970 1774.0 38
1761210044521 1774.0 39
1761210052018 1774.0 40
1761210059523 1774.0 41
1761210067012 1774.0 42
1761210074440 1774.0 43
1761210081943 1774.0 44
1761210089422 1774.0 45
1761210097022 1774.0 46
1761210104504 1774.0 47
1761210112077 1774.0 48
1761210119598 1774.0 49
1761210127113 1774.0 50
1761210134612 1774.0 51
1761210142170 1774.0 52
1761210149660 1774.0 53
1761210157159 1774.0 54
1761210164641 1774.0 55
1761210172136 1774.0 56
1761210179721 1774.0 57
1761210187258 1774.0 58
1761210194780 1774.0 59
1761210202452 1774.0 60
1761210210097 1774.0 61
1761210217693 1774.0 62
1761210225275 1774.0 63
1761210232857 1774.0 64
1761210240421 1774.0 65
1761210247957 1774.0 66
1761210255478 1774.0 67
1761210262949 1774.0 68
1761210270442 1774.0 69
1761210278042 1774.0 70
1761210285579 1774.0 71
1761210293154 1774.0 72
1761210300684 1774.0 73
1761210308182 1774.0 74
1761210315779 1774.0 75
1761210323227 1774.0 76
1761210330705 1774.0 77
1761210338235 1774.0 78
1761210345900 1774.0 79
1761210353448 1774.0 80
1761210361042 1774.0 81
1761210368501 1774.0 82
1761210376102 1774.0 83
1761210383598 1774.0 84
1761210391115 1774.0 85
1761210398633 1774.0 86
1761210406205 1774.0 87
1761210413784 1774.0 88
1761210421330 1774.0 89
1761210428865 1774.0 90
1761210436349 1774.0 91
1761210443974 1774.0 92
1761210451527 1774.0 93
1761210459151 1774.0 94
1761210466733 1774.0 95
1761210474318 1774.0 96
1761210482009 1774.0 97
1761210489576 1774.0 98
1761210497149 1774.0 99
