1771374442866 20196.0 0
1771374448154 20196.0 1
1771374452833 20196.0 2
1771374457576 20196.0 3
1771374462396 20196.0 4
1771374467120 20196.0 5
1771374471835 20196.0 6
1771374476641 20196.0 7
1771374481320 20196.0 8
1771374485939 20196.0 9
1771374490767 20196.0 10
1771374495464 20196.0 11
1771374500218 20196.0 12
1771374504920 20196.0 13
1771374509721 20196.0 14
1771374514531 20196.0 15
1771374519234 20196.0 16
1771374524086 20196.0 17
1771374528874 20196.0 18
1771374533559 20196.0 19
1771374538330 20196.0 20
1771374543092 20196.0 21
1771374547876 20196.0 22
1771374552693 20196.0 23
1771374557499 20196.0 24
1771374562300 20196.0 25
1771374567103 20196.0 26
1771374572000 20196.0 27
1771374576842 20196.0 28
1771374581675 20196.0 29
1771374586575 20196.0 30
1771374591266 20196.0 31
1771374595985 20196.0 32
1771374600795 20196.0 33
1771374605485 20196.0 34
1771374610242 20196.0 35
1771374615125 20196.0 36
1771374619777 20196.0 37
1771374624681 20196.0 38
1771374629425 20196.0 39
1771374634178 20196.0 40
1771374639029 20196.0 41
1771374643987 20196.0 42
1771374648580 20196.0 43
1771374653401 20196.0 44
1771374658314 20196.0 45
1771374663095 20196.0 46
1771374667744 20196.0 47
1771374672654 20196.0 48
1771374677376 20196.0 49
1771374682190 20196.0 50
1771374687039 20196.0 51
1771374691776 20196.0 52
1771374696520 20196.0 53
1771374701328 20196.0 54
1771374705912 20196.0 55
1771374710610 20196.0 56
1771374715497 20196.0 57
1771374720396 20196.0 58
1771374725195 20196.0 59
1771374730029 20196.0 60
1771374734799 20196.0 61
1771374739677 20196.0 62
1771374744572 20196.0 63
1771374749356 20196.0 64
1771374754200 20196.0 65
1771374759162 20196.0 66
1771374763746 20196.0 67
1771374768455 20196.0 68
1771374773316 20196.0 69
1771374778143 20196.0 70
1771374782904 20196.0 71
1771374787782 20196.0 72
1771374792469 20196.0 73
1771374797310 20196.0 74
1771374802075 20196.0 75
1771374806910 20196.0 76
1771374811723 20196.0 77
1771374816566 20196.0 78
1771374821102 20196.0 79
1771374825867 20196.0 80
1771374830770 20196.0 81
1771374835565 20196.0 82
1771374840326 20196.0 83
1771374845148 20196.0 84
1771374849816 20196.0 85
1771374854728 20196.0 86
1771374859494 20196.0 87
1771374864282 20196.0 88
1771374869168 20196.0 89
1771374873966 20196.0 90
1771374878671 20196.0 91
1771374883528 20196.0 92
1771374888308 20196.0 93
1771374893177 20196.0 94
1771374897881 20196.0 95
1771374902726 20196.0 96
1771374907399 20196.0 97
1771374912227 20196.0 98
1771374917050 20196.0 99
