1761286692534 3540.0 0
1761286699136 3140.0 1
1761286705798 3051.0 2
1761286712688 3051.0 3
1761286719565 3051.0 4
1761286726580 3051.0 5
1761286733755 3051.0 6
1761286741108 3051.0 7
1761286748426 3051.0 8
1761286755771 3037.0 9
1761286763175 3037.0 10
1761286770732 3037.0 11
1761286778249 3037.0 12
1761286785839 3037.0 13
1761286793541 3037.0 14
1761286801207 3037.0 15
1761286808943 3037.0 16
1761286816626 3037.0 17
1761286824435 3037.0 18
1761286832175 3037.0 19
1761286839811 3037.0 20
1761286847620 3037.0 21
1761286855422 3037.0 22
1761286863197 3037.0 23
1761286871006 3037.0 24
1761286878950 3037.0 25
1761286886843 3037.0 26
1761286894679 3037.0 27
1761286902520 3037.0 28
1761286910435 3037.0 29
1761286918366 3037.0 30
1761286926203 3037.0 31
1761286934097 3037.0 32
1761286942020 3037.0 33
1761286949933 3037.0 34
1761286957809 3037.0 35
1761286965665 3037.0 36
1761286973489 3037.0 37
1761286981308 3037.0 38
1761286989123 3037.0 39
1761286997047 3037.0 40
1761287004901 3037.0 41
1761287012662 3037.0 42
1761287020451 3037.0 43
1761287028294 3037.0 44
1761287036330 3037.0 45
1761287044032 3037.0 46
1761287051843 3037.0 47
1761287059690 3037.0 48
1761287067524 3037.0 49
1761287075371 3037.0 50
1761287083183 3037.0 51
1761287091111 3037.0 52
1761287098918 3037.0 53
1761287106700 3037.0 54
1761287114456 3037.0 55
1761287122318 3037.0 56
1761287130089 3037.0 57
1761287137874 3037.0 58
1761287145598 3037.0 59
1761287153430 3037.0 60
1761287161204 3037.0 61
1761287168953 3037.0 62
1761287176720 3037.0 63
1761287184569 3037.0 64
1761287192364 3037.0 65
1761287200124 3037.0 66
1761287207956 3037.0 67
1761287215822 3037.0 68
1761287223682 3037.0 69
1761287231524 3037.0 70
1761287239393 3037.0 71
1761287247158 3037.0 72
1761287255017 3037.0 73
1761287262793 3037.0 74
1761287270717 3037.0 75
1761287278602 3037.0 76
1761287286502 3037.0 77
1761287294371 3037.0 78
1761287302359 3037.0 79
1761287310250 3037.0 80
1761287318099 3037.0 81
1761287325951 3037.0 82
1761287333824 3037.0 83
1761287341611 3037.0 84
1761287349394 3037.0 85
1761287357215 3037.0 86
1761287364954 3037.0 87
1761287372767 3037.0 88
1761287380563 3037.0 89
1761287388389 3037.0 90
1761287396145 3037.0 91
1761287403912 3037.0 92
1761287411621 3037.0 93
1761287419404 3037.0 94
1761287427149 3037.0 95
1761287434941 3037.0 96
1761287442658 3037.0 97
1761287450436 3037.0 98
1761287458059 3037.0 99
