1771411253174 22565.0 0
1771411356774 20690.0 1
1771411461495 20187.0 2
1771411567082 20187.0 3
1771411674573 20187.0 4
1771411784581 20187.0 5
1771411894392 20187.0 6
1771412006096 20187.0 7
1771412118125 20187.0 8
1771412231930 20187.0 9
1771412346536 20187.0 10
1771412462969 20187.0 11
1771412581317 20187.0 12
1771412699238 20187.0 13
1771412818327 20187.0 14
1771412938567 20187.0 15
1771413059015 20187.0 16
1771413177476 20187.0 17
1771413294133 20187.0 18
1771413413192 20187.0 19
1771413529122 20187.0 20
1771413645531 20187.0 21
1771413761740 20187.0 22
1771413879796 20187.0 23
1771413997298 20187.0 24
1771414116521 20187.0 25
1771414234428 20187.0 26
1771414351998 20187.0 27
1771414519911 20187.0 28
1771414676739 20187.0 29
1771414830587 20187.0 30
1771414978309 20187.0 31
1771415107852 20187.0 32
1771415276446 20187.0 33
1771415403649 20187.0 34
1771415530334 20187.0 35
1771415658681 20187.0 36
1771415786300 20187.0 37
1771415912314 20187.0 38
1771416038640 20187.0 39
1771416165434 20187.0 40
1771416285215 20187.0 41
1771416402859 20187.0 42
1771416521603 20187.0 43
1771416647954 20187.0 44
1771416772717 20187.0 45
1771416897372 20187.0 46
1771417021639 20187.0 47
1771417146820 20187.0 48
1771417273008 20187.0 49
1771417397586 20187.0 50
1771417517341 20187.0 51
1771417637204 20187.0 52
1771417756967 20187.0 53
1771417874429 20187.0 54
1771417991652 20187.0 55
1771418108238 20187.0 56
1771418223766 20187.0 57
1771418339402 20187.0 58
1771418457669 20187.0 59
1771418574559 20187.0 60
1771418692801 20187.0 61
1771418810574 20187.0 62
1771418928131 20187.0 63
1771419043611 20187.0 64
1771419158805 20187.0 65
1771419273789 20187.0 66
1771419390472 20187.0 67
1771419509156 20187.0 68
1771419626887 20187.0 69
1771419742760 20187.0 70
1771419860185 20187.0 71
1771419976453 20187.0 72
1771420093223 20187.0 73
1771420212058 20187.0 74
1771420329786 20187.0 75
1771420448276 20187.0 76
1771420565184 20187.0 77
1771420679965 20187.0 78
1771420796157 20187.0 79
1771420913677 20187.0 80
1771421032989 20187.0 81
1771421151767 20187.0 82
1771421266025 20187.0 83
1771421383386 20187.0 84
1771421510675 20187.0 85
1771421637204 20187.0 86
1771421761579 20187.0 87
1771421886919 20187.0 88
1771422010782 20187.0 89
1771422135523 20187.0 90
1771422260408 20187.0 91
1771422376547 20187.0 92
1771422494914 20187.0 93
1771422612839 20187.0 94
1771422730828 20187.0 95
1771422848089 20187.0 96
1771422974241 20187.0 97
1771423100624 20187.0 98
1771423228132 20187.0 99
