1761276147552 2390.0 0
1761276153731 1861.0 1
1761276160158 1861.0 2
1761276166662 1861.0 3
1761276173391 1861.0 4
1761276180189 1861.0 5
1761276187035 1861.0 6
1761276193971 1861.0 7
1761276201061 1861.0 8
1761276208145 1861.0 9
1761276215351 1861.0 10
1761276222611 1861.0 11
1761276229919 1861.0 12
1761276237295 1861.0 13
1761276244677 1861.0 14
1761276252048 1861.0 15
1761276259399 1861.0 16
1761276266826 1861.0 17
1761276274194 1861.0 18
1761276281587 1861.0 19
1761276289030 1861.0 20
1761276296519 1861.0 21
1761276304097 1861.0 22
1761276311600 1861.0 23
1761276319114 1861.0 24
1761276326624 1861.0 25
1761276334227 1861.0 26
1761276341700 1861.0 27
1761276349199 1861.0 28
1761276356745 1861.0 29
1761276364335 1861.0 30
1761276371881 1861.0 31
1761276379395 1861.0 32
1761276387019 1861.0 33
1761276394598 1861.0 34
1761276402210 1861.0 35
1761276409699 1861.0 36
1761276417282 1861.0 37
1761276424793 1861.0 38
1761276432352 1861.0 39
1761276439849 1861.0 40
1761276447364 1861.0 41
1761276454862 1861.0 42
1761276462380 1861.0 43
1761276469963 1861.0 44
1761276477504 1861.0 45
1761276484998 1861.0 46
1761276492518 1861.0 47
1761276500126 1861.0 48
1761276507619 1861.0 49
1761276515203 1861.0 50
1761276522817 1861.0 51
1761276530384 1861.0 52
1761276538008 1861.0 53
1761276545680 1861.0 54
1761276553382 1861.0 55
1761276560970 1861.0 56
1761276568622 1861.0 57
1761276576256 1861.0 58
1761276583892 1861.0 59
1761276591537 1861.0 60
1761276599232 1861.0 61
1761276606913 1861.0 62
1761276614505 1861.0 63
1761276622137 1861.0 64
1761276629767 1861.0 65
1761276637448 1861.0 66
1761276645088 1861.0 67
1761276652687 1861.0 68
1761276660315 1861.0 69
1761276667937 1861.0 70
1761276675526 1861.0 71
1761276683124 1861.0 72
1761276690808 1861.0 73
1761276698406 1861.0 74
1761276706084 1861.0 75
1761276713760 1861.0 76
1761276722374 1861.0 77
1761276731762 1861.0 78
1761276741219 1861.0 79
1761276750577 1861.0 80
1761276759732 1861.0 81
1761276768727 1861.0 82
1761276777752 1861.0 83
1761276786717 1861.0 84
1761276795448 1861.0 85
1761276804314 1861.0 86
1761276813177 1861.0 87
1761276822272 1861.0 88
1761276831152 1861.0 89
1761276840009 1861.0 90
1761276848827 1861.0 91
1761276857790 1861.0 92
1761276866784 1861.0 93
1761276875555 1861.0 94
1761276884413 1861.0 95
1761276893312 1861.0 96
1761276902228 1861.0 97
1761276910954 1861.0 98
1761276919809 1861.0 99
