1771778254848 3053.0 0
1771778257033 3053.0 1
1771778259296 3053.0 2
1771778261522 3053.0 3
1771778263806 2953.0 4
1771778265986 2953.0 5
1771778268164 2853.0 6
1771778270396 2753.0 7
1771778272736 2753.0 8
1771778274927 2753.0 9
1771778277131 2651.0 10
1771778279445 2651.0 11
1771778281710 2651.0 12
1771778283984 2651.0 13
1771778286337 2651.0 14
1771778288573 2651.0 15
1771778290766 2645.0 16
1771778292990 2445.0 17
1771778295320 2445.0 18
1771778297533 2431.0 19
1771778299724 2431.0 20
1771778301920 2431.0 21
1771778304322 2331.0 22
1771778306564 2331.0 23
1771778308798 2231.0 24
1771778311017 2131.0 25
1771778313283 2131.0 26
1771778315552 2131.0 27
1771778317786 2131.0 28
1771778320131 2131.0 29
1771778322358 2131.0 30
1771778324564 2131.0 31
1771778326818 2131.0 32
1771778328987 2131.0 33
1771778331262 2131.0 34
1771778333495 2131.0 35
1771778335723 2131.0 36
1771778338051 2131.0 37
1771778340299 2131.0 38
1771778342518 2131.0 39
1771778344757 2131.0 40
1771778346989 2131.0 41
1771778349232 2131.0 42
1771778351482 2131.0 43
1771778353808 2131.0 44
1771778356137 2131.0 45
1771778358318 2131.0 46
1771778360515 2062.0 47
1771778362703 2062.0 48
1771778364942 2062.0 49
1771778367172 2062.0 50
1771778369371 1940.0 51
1771778371766 1940.0 52
1771778373925 1940.0 53
1771778376128 1940.0 54
1771778378381 1840.0 55
1771778380611 1840.0 56
1771778382882 1838.0 57
1771778385064 1838.0 58
1771778387542 1738.0 59
1771778389736 1738.0 60
1771778392135 1738.0 61
1771778394342 1738.0 62
1771778396646 1738.0 63
1771778398875 1738.0 64
1771778401114 1738.0 65
1771778403352 1638.0 66
1771778405579 1638.0 67
1771778407849 1638.0 68
1771778410027 1638.0 69
1771778412377 1638.0 70
1771778414558 1538.0 71
1771778416711 1438.0 72
1771778419032 1438.0 73
1771778421229 1431.0 74
1771778423493 1431.0 75
1771778425675 1431.0 76
1771778427963 1431.0 77
1771778430145 1431.0 78
1771778432508 1431.0 79
1771778434822 1431.0 80
1771778437036 1431.0 81
1771778439292 1431.0 82
1771778441516 1431.0 83
1771778443838 1431.0 84
1771778446105 1431.0 85
1771778448350 1431.0 86
1771778450727 1431.0 87
1771778453086 1431.0 88
1771778455373 1431.0 89
1771778457611 1431.0 90
1771778459872 1431.0 91
1771778462088 1431.0 92
1771778464355 1431.0 93
1771778466572 1431.0 94
1771778468814 1431.0 95
1771778471118 1431.0 96
1771778473533 1431.0 97
1771778475792 1431.0 98
1771778478036 1431.0 99
