1761207393542 1472.0 0
1761207393840 1472.0 1
1761207394078 1472.0 2
1761207394323 1472.0 3
1761207394574 1472.0 4
1761207394816 1472.0 5
1761207395064 1472.0 6
1761207395308 1472.0 7
1761207395559 1472.0 8
1761207395796 1472.0 9
1761207396045 1472.0 10
1761207396276 1472.0 11
1761207396517 1472.0 12
1761207396755 1472.0 13
1761207397001 1472.0 14
1761207397246 1472.0 15
1761207397483 1472.0 16
1761207397719 1472.0 17
1761207397958 1472.0 18
1761207398192 1472.0 19
1761207398429 1472.0 20
1761207398665 1472.0 21
1761207398905 1472.0 22
1761207399139 1472.0 23
1761207399378 1472.0 24
1761207399623 1472.0 25
1761207399860 1472.0 26
1761207400100 1472.0 27
1761207400335 1472.0 28
1761207400574 1472.0 29
1761207400811 1472.0 30
1761207401046 1472.0 31
1761207401279 1472.0 32
1761207401513 1472.0 33
1761207401747 1472.0 34
1761207401982 1472.0 35
1761207402221 1472.0 36
1761207402459 1472.0 37
1761207402711 1472.0 38
1761207402944 1472.0 39
1761207403197 1472.0 40
1761207403446 1472.0 41
1761207403687 1472.0 42
1761207403933 1472.0 43
1761207404174 1472.0 44
1761207404422 1472.0 45
1761207404664 1472.0 46
1761207404899 1472.0 47
1761207405134 1472.0 48
1761207405374 1472.0 49
1761207405612 1472.0 50
1761207405848 1472.0 51
1761207406081 1472.0 52
1761207406318 1472.0 53
1761207406555 1472.0 54
1761207406794 1472.0 55
1761207407034 1472.0 56
1761207407273 1472.0 57
1761207407509 1472.0 58
1761207407750 1472.0 59
1761207407989 1472.0 60
1761207408228 1472.0 61
1761207408467 1472.0 62
1761207408705 1472.0 63
1761207408943 1472.0 64
1761207409181 1472.0 65
1761207409419 1472.0 66
1761207409655 1472.0 67
1761207409901 1472.0 68
1761207410146 1472.0 69
1761207410396 1472.0 70
1761207410635 1472.0 71
1761207410884 1472.0 72
1761207411125 1472.0 73
1761207411363 1472.0 74
1761207411602 1472.0 75
1761207411840 1472.0 76
1761207412080 1472.0 77
1761207412318 1472.0 78
1761207412560 1472.0 79
1761207412808 1472.0 80
1761207413051 1472.0 81
1761207413290 1472.0 82
1761207413529 1472.0 83
1761207413767 1472.0 84
1761207414012 1472.0 85
1761207414250 1472.0 86
1761207414489 1472.0 87
1761207414735 1472.0 88
1761207414975 1472.0 89
1761207415213 1472.0 90
1761207415467 1472.0 91
1761207415701 1472.0 92
1761207415936 1472.0 93
1761207416173 1472.0 94
1761207416414 1472.0 95
1761207416650 1472.0 96
1761207416889 1472.0 97
1761207417128 1472.0 98
1761207417367 1472.0 99
