1771579684448 20458.0 0
1771579743710 20458.0 1
1771579800161 20458.0 2
1771579857129 20458.0 3
1771579915138 20458.0 4
1771579975077 20458.0 5
1771580032792 20458.0 6
1771580090155 20458.0 7
1771580147855 19853.0 8
1771580205392 19853.0 9
1771580264498 19853.0 10
1771580325227 19853.0 11
1771580385767 19853.0 12
1771580446592 19853.0 13
1771580507862 19853.0 14
1771580571193 19853.0 15
1771580633618 19853.0 16
1771580697169 19853.0 17
1771580761912 19853.0 18
1771580826092 19853.0 19
1771580890049 19853.0 20
1771580959877 19853.0 21
1771581037905 19853.0 22
1771581117393 19853.0 23
1771581198233 19853.0 24
1771581277852 19853.0 25
1771581356385 19853.0 26
1771581434318 19853.0 27
1771581512161 19853.0 28
1771581592148 19853.0 29
1771581670526 19853.0 30
1771581749807 19853.0 31
1771581826801 19853.0 32
1771581896357 19853.0 33
1771581964904 19853.0 34
1771582033907 19853.0 35
1771582101915 19853.0 36
1771582171090 19853.0 37
1771582239370 19853.0 38
1771582306970 19853.0 39
1771582373445 19853.0 40
1771582442081 19853.0 41
1771582511019 19853.0 42
1771582578182 19853.0 43
1771582644677 19853.0 44
1771582711983 19853.0 45
1771582780550 19853.0 46
1771582848114 19853.0 47
1771582917549 19853.0 48
1771582987158 19853.0 49
1771583054976 19853.0 50
1771583122560 19853.0 51
1771583189783 19853.0 52
1771583259208 19853.0 53
1771583328220 19853.0 54
1771583397393 19853.0 55
1771583465327 19853.0 56
1771583532888 19853.0 57
1771583600717 19853.0 58
1771583668165 19853.0 59
1771583735677 19853.0 60
1771583803701 19853.0 61
1771583871287 19853.0 62
1771583938792 19853.0 63
1771584006898 19853.0 64
1771584075968 19853.0 65
1771584145121 19853.0 66
1771584213505 19853.0 67
1771584280869 19853.0 68
1771584348052 19853.0 69
1771584417285 19853.0 70
1771584485490 19853.0 71
1771584554609 19853.0 72
1771584623307 19853.0 73
1771584692136 19853.0 74
1771584759711 19853.0 75
1771584827292 19853.0 76
1771584895940 19853.0 77
1771584964911 19853.0 78
1771585014566 19853.0 79
1771585064134 19853.0 80
1771585113591 19853.0 81
1771585163789 19853.0 82
1771585213760 19853.0 83
1771585264755 19853.0 84
1771585314603 19853.0 85
1771585364019 19853.0 86
1771585413419 19853.0 87
1771585463602 19853.0 88
1771585513865 19853.0 89
1771585564041 19853.0 90
1771585614390 19853.0 91
1771585663898 19853.0 92
1771585713877 19853.0 93
1771585763783 19853.0 94
1771585814101 19853.0 95
1771585864434 19853.0 96
1771585914958 19853.0 97
1771585964755 19853.0 98
1771586014527 19853.0 99
