1761271028589 2202.0 0
1761271032986 2077.0 1
1761271037428 2077.0 2
1761271041912 1377.0 3
1761271046596 1377.0 4
1761271051391 1377.0 5
1761271056200 1377.0 6
1761271061110 1377.0 7
1761271066067 1377.0 8
1761271071026 1377.0 9
1761271076016 1377.0 10
1761271081001 1377.0 11
1761271086009 1377.0 12
1761271091022 1377.0 13
1761271096102 1377.0 14
1761271101190 1377.0 15
1761271106378 1377.0 16
1761271111573 1377.0 17
1761271116797 1377.0 18
1761271122285 1377.0 19
1761271127717 1377.0 20
1761271133319 1377.0 21
1761271138729 1377.0 22
1761271144021 1377.0 23
1761271149300 1377.0 24
1761271154562 1377.0 25
1761271159829 1377.0 26
1761271165167 1377.0 27
1761271170494 1377.0 28
1761271175726 1377.0 29
1761271180988 1377.0 30
1761271186250 1377.0 31
1761271191521 1377.0 32
1761271196832 1377.0 33
1761271202214 1377.0 34
1761271207581 1377.0 35
1761271212943 1377.0 36
1761271218233 1377.0 37
1761271223606 1377.0 38
1761271228962 1377.0 39
1761271234305 1377.0 40
1761271239603 1377.0 41
1761271244810 1377.0 42
1761271250042 1377.0 43
1761271255326 1377.0 44
1761271260658 1377.0 45
1761271265908 1377.0 46
1761271271170 1377.0 47
1761271276432 1377.0 48
1761271281755 1377.0 49
1761271286985 1377.0 50
1761271292160 1377.0 51
1761271297357 1377.0 52
1761271302758 1377.0 53
1761271308152 1377.0 54
1761271313510 1377.0 55
1761271318698 1377.0 56
1761271323981 1377.0 57
1761271329219 1377.0 58
1761271334489 1377.0 59
1761271339670 1377.0 60
1761271345089 1377.0 61
1761271350452 1377.0 62
1761271355814 1377.0 63
1761271361099 1377.0 64
1761271366328 1377.0 65
1761271371647 1377.0 66
1761271376913 1377.0 67
1761271382102 1377.0 68
1761271387365 1377.0 69
1761271392609 1377.0 70
1761271397846 1377.0 71
1761271403134 1377.0 72
1761271408356 1377.0 73
1761271413636 1377.0 74
1761271418945 1377.0 75
1761271424223 1377.0 76
1761271429632 1377.0 77
1761271434915 1377.0 78
1761271440191 1377.0 79
1761271445456 1377.0 80
1761271450719 1377.0 81
1761271455993 1377.0 82
1761271461295 1377.0 83
1761271466542 1377.0 84
1761271471783 1377.0 85
1761271477018 1377.0 86
1761271482349 1377.0 87
1761271487628 1377.0 88
1761271492958 1377.0 89
1761271498205 1377.0 90
1761271503488 1377.0 91
1761271508745 1377.0 92
1761271514059 1377.0 93
1761271519362 1377.0 94
1761271524633 1377.0 95
1761271529908 1377.0 96
1761271535202 1377.0 97
1761271540473 1377.0 98
1761271545911 1377.0 99
