1761205383973 2084.0 0
1761205384423 2084.0 1
1761205384802 2084.0 2
1761205385178 2084.0 3
1761205385564 2084.0 4
1761205385968 2084.0 5
1761205386351 2084.0 6
1761205386750 2084.0 7
1761205387130 2084.0 8
1761205387512 2084.0 9
1761205387890 2084.0 10
1761205388278 2084.0 11
1761205388667 2084.0 12
1761205389038 2084.0 13
1761205389423 2084.0 14
1761205389807 2084.0 15
1761205390186 2084.0 16
1761205390572 2084.0 17
1761205390945 2084.0 18
1761205391327 2084.0 19
1761205391718 2084.0 20
1761205392102 2084.0 21
1761205392480 2084.0 22
1761205392864 2084.0 23
1761205393247 2084.0 24
1761205393641 2084.0 25
1761205394029 2084.0 26
1761205394419 2084.0 27
1761205394807 2084.0 28
1761205395183 2084.0 29
1761205395560 2084.0 30
1761205395934 2084.0 31
1761205396311 2084.0 32
1761205396687 2084.0 33
1761205397069 2084.0 34
1761205397446 2084.0 35
1761205397823 2084.0 36
1761205398200 2084.0 37
1761205398583 2084.0 38
1761205398963 2084.0 39
1761205399344 2084.0 40
1761205399724 2084.0 41
1761205400102 2084.0 42
1761205400480 2084.0 43
1761205400860 2084.0 44
1761205401240 2084.0 45
1761205401621 2084.0 46
1761205401999 2084.0 47
1761205402381 2084.0 48
1761205402757 2084.0 49
1761205403126 2084.0 50
1761205403507 2084.0 51
1761205403887 2084.0 52
1761205404263 2084.0 53
1761205404642 2084.0 54
1761205405029 2084.0 55
1761205405407 2084.0 56
1761205405779 2084.0 57
1761205406162 2084.0 58
1761205406537 2084.0 59
1761205406923 2084.0 60
1761205407304 2084.0 61
1761205407681 2084.0 62
1761205408069 2084.0 63
1761205408449 2084.0 64
1761205408833 2084.0 65
1761205409212 2084.0 66
1761205409595 2084.0 67
1761205409970 2084.0 68
1761205410345 2084.0 69
1761205410728 2084.0 70
1761205411111 2084.0 71
1761205411490 2084.0 72
1761205411869 2084.0 73
1761205412244 2084.0 74
1761205412630 2084.0 75
1761205413006 2084.0 76
1761205413380 2084.0 77
1761205413751 2084.0 78
1761205414137 2084.0 79
1761205414516 2084.0 80
1761205414909 2084.0 81
1761205415293 2084.0 82
1761205415670 2084.0 83
1761205416054 2084.0 84
1761205416433 2084.0 85
1761205416808 2084.0 86
1761205417189 2084.0 87
1761205417564 2084.0 88
1761205417938 2084.0 89
1761205418320 2084.0 90
1761205418704 2084.0 91
1761205419090 2084.0 92
1761205419474 2084.0 93
1761205419853 2084.0 94
1761205420238 2084.0 95
1761205420623 2084.0 96
1761205420998 2084.0 97
1761205421382 2084.0 98
1761205421767 2084.0 99
