1761118313832 20649.0 0
1761118332759 20649.0 1
1761118352383 20649.0 2
1761118373348 20649.0 3
1761118394604 20649.0 4
1761118415412 20649.0 5
1761118436695 20649.0 6
1761118458293 20649.0 7
1761118479922 20240.0 8
1761118501876 19629.0 9
1761118523972 19629.0 10
1761118546378 19629.0 11
1761118568952 19629.0 12
1761118591584 19629.0 13
1761118614578 19629.0 14
1761118637662 19629.0 15
1761118660992 19629.0 16
1761118684318 19629.0 17
1761118707935 19629.0 18
1761118731657 19629.0 19
1761118755491 19629.0 20
1761118779395 19629.0 21
1761118803206 19629.0 22
1761118827843 19629.0 23
1761118852737 19629.0 24
1761118877437 19629.0 25
1761118901704 19629.0 26
1761118925954 19629.0 27
1761118950361 19629.0 28
1761118974611 19629.0 29
1761118998894 19629.0 30
1761119023938 19629.0 31
1761119048683 19629.0 32
1761119073549 19629.0 33
1761119098933 19629.0 34
1761119123480 19629.0 35
1761119146408 19629.0 36
1761119169182 19629.0 37
1761119191877 19629.0 38
1761119215831 19629.0 39
1761119239058 19629.0 40
1761119262473 19629.0 41
1761119285154 19629.0 42
1761119307719 19629.0 43
1761119332246 19629.0 44
1761119356982 19629.0 45
1761119381667 19629.0 46
1761119406423 19629.0 47
1761119431285 19629.0 48
1761119456031 19629.0 49
1761119480835 19629.0 50
1761119505907 19629.0 51
1761119530572 19629.0 52
1761119555175 19629.0 53
1761119579761 19629.0 54
1761119604348 19629.0 55
1761119629137 19629.0 56
1761119653722 19629.0 57
1761119678444 19629.0 58
1761119703213 19629.0 59
1761119727673 19629.0 60
1761119752565 19629.0 61
1761119777846 19629.0 62
1761119802981 19629.0 63
1761119827915 19629.0 64
1761119852792 19629.0 65
1761119877794 19629.0 66
1761119902500 19629.0 67
1761119927164 19629.0 68
1761119952621 19629.0 69
1761119977567 19629.0 70
1761120002399 19629.0 71
1761120027064 19629.0 72
1761120051701 19629.0 73
1761120076203 19629.0 74
1761120100967 19629.0 75
1761120125664 19629.0 76
1761120150981 19629.0 77
1761120175777 19629.0 78
1761120200443 19629.0 79
1761120225312 19629.0 80
1761120250244 19629.0 81
1761120275066 19629.0 82
1761120299806 19629.0 83
1761120324669 19629.0 84
1761120349436 19629.0 85
1761120374165 19629.0 86
1761120399000 19629.0 87
1761120423788 19629.0 88
1761120448573 19629.0 89
1761120473327 19629.0 90
1761120498169 19629.0 91
1761120522888 19629.0 92
1761120547913 19629.0 93
1761120572730 19629.0 94
1761120597485 19629.0 95
1761120622116 19629.0 96
1761120646953 19629.0 97
1761120671927 19629.0 98
1761120696481 19629.0 99
