1761196423383 3114.0 0
1761196423859 2996.0 1
1761196424292 2504.0 2
1761196424712 2393.0 3
1761196425127 2201.0 4
1761196425554 2001.0 5
1761196425985 1999.0 6
1761196426428 1901.0 7
1761196426934 1901.0 8
1761196427393 1801.0 9
1761196427855 1701.0 10
1761196428307 1701.0 11
1761196428774 1701.0 12
1761196429243 1701.0 13
1761196429713 1701.0 14
1761196430174 1601.0 15
1761196430696 1601.0 16
1761196431157 1601.0 17
1761196431614 1601.0 18
1761196432075 1601.0 19
1761196432529 1601.0 20
1761196432998 1601.0 21
1761196433456 1601.0 22
1761196433916 1601.0 23
1761196434436 1601.0 24
1761196434896 1601.0 25
1761196435365 1501.0 26
1761196435841 1501.0 27
1761196436300 1401.0 28
1761196436756 1301.0 29
1761196437222 1301.0 30
1761196437687 1299.0 31
1761196438200 1299.0 32
1761196438663 1199.0 33
1761196439128 1199.0 34
1761196439591 1199.0 35
1761196440059 1099.0 36
1761196440526 1099.0 37
1761196440991 1099.0 38
1761196441448 999.0 39
1761196441913 999.0 40
1761196442433 999.0 41
1761196442904 999.0 42
1761196443359 999.0 43
1761196443820 999.0 44
1761196444282 899.0 45
1761196444741 899.0 46
1761196445213 899.0 47
1761196445678 899.0 48
1761196446192 899.0 49
1761196446655 899.0 50
1761196447117 899.0 51
1761196447589 899.0 52
1761196448049 799.0 53
1761196448512 799.0 54
1761196448978 799.0 55
1761196449455 799.0 56
1761196449981 799.0 57
1761196450452 799.0 58
1761196450915 799.0 59
1761196451383 797.0 60
1761196451845 797.0 61
1761196452302 789.0 62
1761196452750 789.0 63
1761196453196 789.0 64
1761196453701 789.0 65
1761196454142 789.0 66
1761196454579 789.0 67
1761196455019 789.0 68
1761196455448 782.0 69
1761196455882 782.0 70
1761196456314 782.0 71
1761196456738 780.0 72
1761196457170 780.0 73
1761196457657 780.0 74
1761196458088 780.0 75
1761196458518 780.0 76
1761196458954 780.0 77
1761196459381 780.0 78
1761196459812 780.0 79
1761196460245 780.0 80
1761196460674 780.0 81
1761196461168 780.0 82
1761196461593 780.0 83
1761196462027 780.0 84
1761196462454 680.0 85
1761196462895 680.0 86
1761196463326 680.0 87
1761196463769 680.0 88
1761196464210 680.0 89
1761196464704 680.0 90
1761196465148 680.0 91
1761196465589 680.0 92
1761196466036 680.0 93
1761196466476 680.0 94
1761196466907 580.0 95
1761196467346 580.0 96
1761196467786 580.0 97
1761196468280 580.0 98
1761196468703 580.0 99
