1761200439909 2269.0 0
1761200445843 1984.0 1
1761200451857 1984.0 2
1761200458021 1984.0 3
1761200464396 1781.0 4
1761200470759 1781.0 5
1761200477156 1781.0 6
1761200483682 1781.0 7
1761200490231 1781.0 8
1761200496856 1781.0 9
1761200503521 1781.0 10
1761200510280 1781.0 11
1761200517183 1781.0 12
1761200524034 1781.0 13
1761200530849 1781.0 14
1761200537723 1781.0 15
1761200544609 1781.0 16
1761200551590 1781.0 17
1761200558545 1781.0 18
1761200565492 1781.0 19
1761200572408 1781.0 20
1761200579468 1781.0 21
1761200586376 1781.0 22
1761200593290 1781.0 23
1761200600240 1781.0 24
1761200607269 1781.0 25
1761200614260 1781.0 26
1761200621322 1781.0 27
1761200628292 1781.0 28
1761200635294 1781.0 29
1761200642309 1781.0 30
1761200649225 1781.0 31
1761200656197 1781.0 32
1761200663143 1781.0 33
1761200670184 1781.0 34
1761200677095 1781.0 35
1761200684043 1781.0 36
1761200690989 1781.0 37
1761200697958 1781.0 38
1761200704910 1781.0 39
1761200711884 1781.0 40
1761200718865 1781.0 41
1761200725871 1781.0 42
1761200732891 1781.0 43
1761200739930 1781.0 44
1761200746929 1781.0 45
1761200753989 1781.0 46
1761200761033 1781.0 47
1761200768079 1781.0 48
1761200775105 1781.0 49
1761200782106 1781.0 50
1761200789189 1781.0 51
1761200796284 1781.0 52
1761200803318 1781.0 53
1761200810343 1781.0 54
1761200817401 1781.0 55
1761200824423 1781.0 56
1761200831420 1781.0 57
1761200838366 1781.0 58
1761200845398 1781.0 59
1761200852347 1781.0 60
1761200859414 1781.0 61
1761200866428 1781.0 62
1761200873459 1781.0 63
1761200880560 1781.0 64
1761200887732 1781.0 65
1761200894757 1781.0 66
1761200901778 1781.0 67
1761200908885 1781.0 68
1761200915845 1781.0 69
1761200922901 1781.0 70
1761200929954 1781.0 71
1761200936974 1781.0 72
1761200944067 1781.0 73
1761200951150 1781.0 74
1761200958131 1781.0 75
1761200965178 1781.0 76
1761200972227 1781.0 77
1761200979313 1781.0 78
1761200986321 1781.0 79
1761200993305 1781.0 80
1761201000354 1781.0 81
1761201007351 1781.0 82
1761201014405 1781.0 83
1761201021416 1781.0 84
1761201028459 1781.0 85
1761201035472 1781.0 86
1761201042582 1781.0 87
1761201049606 1781.0 88
1761201056608 1781.0 89
1761201063640 1781.0 90
1761201070630 1781.0 91
1761201077642 1781.0 92
1761201084640 1781.0 93
1761201091670 1781.0 94
1761201098674 1781.0 95
1761201105861 1781.0 96
1761201113262 1781.0 97
1761201121714 1781.0 98
1761201130221 1781.0 99
