1761194898259 2053.0 0
1761194898878 2053.0 1
1761194899479 2053.0 2
1761194900103 2053.0 3
1761194900717 2053.0 4
1761194901318 2053.0 5
1761194901922 1884.0 6
1761194902522 1784.0 7
1761194903115 1784.0 8
1761194903738 1784.0 9
1761194904333 1780.0 10
1761194904932 1780.0 11
1761194905519 1777.0 12
1761194906134 1777.0 13
1761194906718 1680.0 14
1761194907333 1677.0 15
1761194907934 1677.0 16
1761194908541 1677.0 17
1761194909150 1676.0 18
1761194909762 1576.0 19
1761194910381 1576.0 20
1761194910975 1576.0 21
1761194911606 1480.0 22
1761194912224 1480.0 23
1761194912870 1474.0 24
1761194913478 1374.0 25
1761194914084 1374.0 26
1761194914696 1371.0 27
1761194915309 1371.0 28
1761194915908 1371.0 29
1761194916506 1371.0 30
1761194917096 1371.0 31
1761194917709 1371.0 32
1761194918309 1369.0 33
1761194918894 1369.0 34
1761194919466 1369.0 35
1761194920083 1369.0 36
1761194920694 1369.0 37
1761194921293 1369.0 38
1761194921879 1336.0 39
1761194922459 1336.0 40
1761194923016 1336.0 41
1761194923587 1236.0 42
1761194924152 1236.0 43
1761194924710 1236.0 44
1761194925282 1236.0 45
1761194925857 1136.0 46
1761194926415 1136.0 47
1761194926984 1036.0 48
1761194927545 936.0 49
1761194928116 836.0 50
1761194928686 836.0 51
1761194929278 836.0 52
1761194929892 836.0 53
1761194930473 836.0 54
1761194931079 836.0 55
1761194931688 836.0 56
1761194932267 836.0 57
1761194932892 836.0 58
1761194933488 836.0 59
1761194934072 836.0 60
1761194934661 836.0 61
1761194935252 836.0 62
1761194935834 836.0 63
1761194936398 836.0 64
1761194937021 836.0 65
1761194937624 836.0 66
1761194938197 836.0 67
1761194938771 836.0 68
1761194939348 836.0 69
1761194939963 836.0 70
1761194940553 836.0 71
1761194941159 836.0 72
1761194941754 836.0 73
1761194942341 836.0 74
1761194942935 836.0 75
1761194943518 836.0 76
1761194944106 836.0 77
1761194944700 836.0 78
1761194945289 836.0 79
1761194945887 836.0 80
1761194946484 836.0 81
1761194947094 755.0 82
1761194947688 747.0 83
1761194948295 647.0 84
1761194948866 647.0 85
1761194949453 647.0 86
1761194950032 647.0 87
1761194950575 647.0 88
1761194951157 647.0 89
1761194951772 647.0 90
1761194952361 647.0 91
1761194952956 647.0 92
1761194953525 647.0 93
1761194954103 647.0 94
1761194954676 647.0 95
1761194955253 647.0 96
1761194955815 647.0 97
1761194956380 647.0 98
1761194956953 647.0 99
