1761201131508 1987.0 0
1761201132200 1987.0 1
1761201133023 1987.0 2
1761201133736 1987.0 3
1761201134450 1987.0 4
1761201135286 1909.0 5
1761201136021 1901.0 6
1761201136783 1901.0 7
1761201137491 1801.0 8
1761201138201 1801.0 9
1761201138932 1701.0 10
1761201139584 1601.0 11
1761201140296 1493.0 12
1761201141028 1493.0 13
1761201141749 1493.0 14
1761201142452 1447.0 15
1761201143144 1447.0 16
1761201143904 1447.0 17
1761201144686 1397.0 18
1761201145404 1397.0 19
1761201146075 1397.0 20
1761201146796 1397.0 21
1761201147472 1195.0 22
1761201148326 1195.0 23
1761201149050 1195.0 24
1761201149766 1195.0 25
1761201150515 1195.0 26
1761201151208 1095.0 27
1761201151943 1095.0 28
1761201152627 1095.0 29
1761201153346 986.0 30
1761201154027 986.0 31
1761201154712 979.0 32
1761201155454 979.0 33
1761201156160 977.0 34
1761201156877 977.0 35
1761201157565 977.0 36
1761201158264 969.0 37
1761201159088 969.0 38
1761201159830 969.0 39
1761201160584 969.0 40
1761201161314 969.0 41
1761201162100 969.0 42
1761201162815 969.0 43
1761201163482 969.0 44
1761201164136 969.0 45
1761201164823 969.0 46
1761201165544 969.0 47
1761201166224 969.0 48
1761201166943 872.0 49
1761201167714 866.0 50
1761201168377 866.0 51
1761201169080 866.0 52
1761201169856 866.0 53
1761201170629 866.0 54
1761201171323 866.0 55
1761201172015 866.0 56
1761201172736 866.0 57
1761201173525 866.0 58
1761201174181 866.0 59
1761201174924 866.0 60
1761201175627 866.0 61
1761201176282 866.0 62
1761201176871 866.0 63
1761201177457 866.0 64
1761201178060 866.0 65
1761201178631 866.0 66
1761201179214 866.0 67
1761201179830 866.0 68
1761201180448 866.0 69
1761201181045 863.0 70
1761201181655 863.0 71
1761201182238 863.0 72
1761201182847 863.0 73
1761201183439 863.0 74
1761201184077 863.0 75
1761201184677 863.0 76
1761201185306 863.0 77
1761201185916 863.0 78
1761201186512 863.0 79
1761201187127 863.0 80
1761201187712 863.0 81
1761201188303 863.0 82
1761201188915 863.0 83
1761201189503 863.0 84
1761201190088 863.0 85
1761201190678 863.0 86
1761201191284 863.0 87
1761201191882 863.0 88
1761201192488 863.0 89
1761201193091 863.0 90
1761201193702 863.0 91
1761201194286 863.0 92
1761201194878 863.0 93
1761201195480 863.0 94
1761201196075 863.0 95
1761201196663 863.0 96
1761201197241 863.0 97
1761201197844 863.0 98
1761201198428 850.0 99
