1761197902793 1996.0 0
1761197908969 1996.0 1
1761197914863 1996.0 2
1761197921139 1769.0 3
1761197927733 1769.0 4
1761197934210 1769.0 5
1761197940748 1769.0 6
1761197947378 1769.0 7
1761197953668 1769.0 8
1761197960273 1769.0 9
1761197967112 1769.0 10
1761197973711 1769.0 11
1761197980429 1570.0 12
1761197987071 1570.0 13
1761197994141 1570.0 14
1761198001130 1570.0 15
1761198008144 1570.0 16
1761198015274 1570.0 17
1761198022087 1570.0 18
1761198029004 1570.0 19
1761198036181 1570.0 20
1761198042979 1570.0 21
1761198050157 1570.0 22
1761198057237 1570.0 23
1761198064018 1570.0 24
1761198071349 1570.0 25
1761198078329 1570.0 26
1761198085655 1570.0 27
1761198092835 1570.0 28
1761198100157 1570.0 29
1761198107351 1570.0 30
1761198114858 1570.0 31
1761198121869 1570.0 32
1761198129036 1570.0 33
1761198135992 1570.0 34
1761198142890 1570.0 35
1761198150442 1570.0 36
1761198158174 1570.0 37
1761198167253 1570.0 38
1761198175729 1570.0 39
1761198184227 1570.0 40
1761198192617 1570.0 41
1761198201029 1570.0 42
1761198209491 1570.0 43
1761198217833 1570.0 44
1761198226215 1570.0 45
1761198234518 1570.0 46
1761198243013 1570.0 47
1761198251403 1570.0 48
1761198259835 1570.0 49
1761198268144 1570.0 50
1761198276504 1570.0 51
1761198284857 1570.0 52
1761198293322 1570.0 53
1761198301711 1570.0 54
1761198310042 1570.0 55
1761198318497 1570.0 56
1761198326964 1570.0 57
1761198335262 1570.0 58
1761198343707 1570.0 59
1761198352311 1570.0 60
1761198360773 1570.0 61
1761198367991 1570.0 62
1761198375211 1570.0 63
1761198382463 1570.0 64
1761198389699 1570.0 65
1761198396981 1570.0 66
1761198404248 1570.0 67
1761198411602 1570.0 68
1761198418872 1570.0 69
1761198426121 1570.0 70
1761198433361 1570.0 71
1761198440662 1570.0 72
1761198447931 1570.0 73
1761198455171 1570.0 74
1761198462401 1570.0 75
1761198469657 1570.0 76
1761198476926 1570.0 77
1761198484186 1570.0 78
1761198491394 1570.0 79
1761198498658 1570.0 80
1761198505951 1570.0 81
1761198513177 1570.0 82
1761198520382 1570.0 83
1761198527605 1570.0 84
1761198534878 1570.0 85
1761198542097 1570.0 86
1761198549297 1570.0 87
1761198556544 1570.0 88
1761198563839 1570.0 89
1761198571058 1570.0 90
1761198578306 1570.0 91
1761198585574 1570.0 92
1761198592850 1570.0 93
1761198600254 1570.0 94
1761198607537 1570.0 95
1761198614819 1570.0 96
1761198622078 1570.0 97
1761198629423 1570.0 98
1761198636641 1570.0 99
