1771500209538 20326.0 0
1771500229581 20326.0 1
1771500249512 20226.0 2
1771500268918 20226.0 3
1771500288991 20224.0 4
1771500309022 20224.0 5
1771500329122 20224.0 6
1771500348859 20224.0 7
1771500369099 20124.0 8
1771500388932 20124.0 9
1771500408709 20124.0 10
1771500428570 19924.0 11
1771500448625 19917.0 12
1771500468592 19717.0 13
1771500488389 19717.0 14
1771500508773 19717.0 15
1771500529023 19617.0 16
1771500549101 19523.0 17
1771500569114 19523.0 18
1771500588873 19523.0 19
1771500608924 19421.0 20
1771500628829 19421.0 21
1771500648794 19321.0 22
1771500669083 19023.0 23
1771500689001 19023.0 24
1771500708777 18923.0 25
1771500728573 18923.0 26
1771500748712 18923.0 27
1771500768558 18923.0 28
1771500789101 18923.0 29
1771500809617 18906.0 30
1771500829758 18706.0 31
1771500850132 18706.0 32
1771500870452 18515.0 33
1771500890428 18515.0 34
1771500910585 18415.0 35
1771500930988 18415.0 36
1771500951187 18415.0 37
1771500971434 18415.0 38
1771500991906 18232.0 39
1771501011968 18226.0 40
1771501032040 18226.0 41
1771501052099 18226.0 42
1771501071989 18226.0 43
1771501092270 18126.0 44
1771501112404 18126.0 45
1771501132598 18026.0 46
1771501152691 18026.0 47
1771501173329 17926.0 48
1771501193570 17826.0 49
1771501213939 17726.0 50
1771501234252 17726.0 51
1771501254813 17726.0 52
1771501275260 17626.0 53
1771501295999 17626.0 54
1771501316138 17624.0 55
1771501336056 17546.0 56
1771501356499 17524.0 57
1771501376596 17424.0 58
1771501397060 17346.0 59
1771501417732 17255.0 60
1771501438162 17255.0 61
1771501458872 17158.0 62
1771501479572 17158.0 63
1771501500358 17124.0 64
1771501520840 17024.0 65
1771501541518 17024.0 66
1771501561795 16858.0 67
1771501582336 16758.0 68
1771501602753 16662.0 69
1771501623263 16562.0 70
1771501643688 16561.0 71
1771501664658 16256.0 72
1771501685325 16156.0 73
1771501705919 16056.0 74
1771501726607 16056.0 75
1771501748129 15965.0 76
1771501770620 15965.0 77
1771501792530 15965.0 78
1771501814561 15965.0 79
1771501836365 15765.0 80
1771501857930 15765.0 81
1771501880421 15681.0 82
1771501902246 15581.0 83
1771501924105 15381.0 84
1771501946182 15281.0 85
1771501968029 15181.0 86
1771501989971 15181.0 87
1771502011822 15165.0 88
1771502033869 15165.0 89
1771502055978 15165.0 90
1771502078075 15165.0 91
1771502100098 15165.0 92
1771502121998 14869.0 93
1771502144143 14869.0 94
1771502165919 14769.0 95
1771502187783 14669.0 96
1771502209919 14669.0 97
1771502231972 14669.0 98
1771502254376 14669.0 99
