1771439944816 20296.0 0
1771439964827 20296.0 1
1771439984943 20296.0 2
1771440004832 20296.0 3
1771440024877 20185.0 4
1771440044763 20086.0 5
1771440064951 19886.0 6
1771440084866 19886.0 7
1771440104948 19886.0 8
1771440125294 19886.0 9
1771440145805 19886.0 10
1771440166143 19886.0 11
1771440185994 19686.0 12
1771440206548 19586.0 13
1771440226879 19286.0 14
1771440246980 19186.0 15
1771440267704 19186.0 16
1771440288374 19186.0 17
1771440308543 19086.0 18
1771440329335 19086.0 19
1771440349933 18986.0 20
1771440370538 18986.0 21
1771440390880 18886.0 22
1771440411117 18786.0 23
1771440432123 18686.0 24
1771440452964 18486.0 25
1771440473575 18479.0 26
1771440494095 18379.0 27
1771440514830 18377.0 28
1771440535662 18377.0 29
1771440556017 18377.0 30
1771440576630 18277.0 31
1771440597254 18177.0 32
1771440617945 18071.0 33
1771440638612 18071.0 34
1771440659318 17976.0 35
1771440680200 17880.0 36
1771440701131 17780.0 37
1771440721783 17578.0 38
1771440742303 17380.0 39
1771440762875 17282.0 40
1771440783573 17182.0 41
1771440804137 17182.0 42
1771440824870 17182.0 43
1771440845933 17174.0 44
1771440867014 17174.0 45
1771440887744 17174.0 46
1771440908700 17081.0 47
1771440929594 17081.0 48
1771440950624 16981.0 49
1771440971534 16881.0 50
1771440992377 16785.0 51
1771441013417 16785.0 52
1771441034083 16785.0 53
1771441054976 16685.0 54
1771441075983 16585.0 55
1771441097067 16485.0 56
1771441117962 16478.0 57
1771441138498 16278.0 58
1771441159553 16278.0 59
1771441180494 16278.0 60
1771441201536 16278.0 61
1771441222453 16278.0 62
1771441243392 16278.0 63
1771441264402 15978.0 64
1771441285322 15978.0 65
1771441306300 15978.0 66
1771441327275 15978.0 67
1771441348047 15972.0 68
1771441368712 15972.0 69
1771441389618 15779.0 70
1771441410569 15679.0 71
1771441431519 15679.0 72
1771441452768 15679.0 73
1771441473921 15679.0 74
1771441495178 15486.0 75
1771441516112 15388.0 76
1771441537269 15388.0 77
1771441558588 15188.0 78
1771441579447 15188.0 79
1771441600348 15188.0 80
1771441621505 15188.0 81
1771441642474 15188.0 82
1771441663220 15088.0 83
1771441684412 15088.0 84
1771441706048 14788.0 85
1771441727271 14674.0 86
1771441748433 14674.0 87
1771441769716 14674.0 88
1771441791245 14674.0 89
1771441812631 14665.0 90
1771441833776 14665.0 91
1771441855133 14665.0 92
1771441876286 14665.0 93
1771441897424 14665.0 94
1771441919000 14665.0 95
1771441940421 14665.0 96
1771441961668 14665.0 97
1771441983270 14558.0 98
1771442004989 14558.0 99
