1771579085776 20778.0 0
1771579092544 20778.0 1
1771579098062 20778.0 2
1771579103681 20778.0 3
1771579109178 20778.0 4
1771579114656 20778.0 5
1771579120092 20778.0 6
1771579125631 20778.0 7
1771579131337 20778.0 8
1771579136832 20778.0 9
1771579142447 20778.0 10
1771579147886 20778.0 11
1771579153426 20778.0 12
1771579158896 20778.0 13
1771579164414 20778.0 14
1771579170203 20778.0 15
1771579175734 20778.0 16
1771579181208 20778.0 17
1771579186849 20778.0 18
1771579192377 20778.0 19
1771579198060 20778.0 20
1771579203527 20778.0 21
1771579209036 20778.0 22
1771579214629 20778.0 23
1771579220123 20778.0 24
1771579225681 20778.0 25
1771579231190 20778.0 26
1771579236719 20778.0 27
1771579242278 20778.0 28
1771579247764 20778.0 29
1771579253288 20778.0 30
1771579258701 20778.0 31
1771579264316 20778.0 32
1771579269988 20778.0 33
1771579275868 20778.0 34
1771579281468 20778.0 35
1771579286879 20778.0 36
1771579292511 20778.0 37
1771579297909 20778.0 38
1771579303405 20778.0 39
1771579308991 20778.0 40
1771579314315 20778.0 41
1771579319918 20778.0 42
1771579325502 20778.0 43
1771579330944 20778.0 44
1771579336509 20778.0 45
1771579341972 20778.0 46
1771579347284 20778.0 47
1771579352933 20778.0 48
1771579358519 20778.0 49
1771579363933 20778.0 50
1771579369371 20778.0 51
1771579374844 20778.0 52
1771579380349 20778.0 53
1771579385920 20778.0 54
1771579391504 20778.0 55
1771579396825 20778.0 56
1771579402439 20778.0 57
1771579408019 20778.0 58
1771579413436 20778.0 59
1771579419022 20778.0 60
1771579424414 20778.0 61
1771579429885 20778.0 62
1771579435556 20778.0 63
1771579441055 20778.0 64
1771579446530 20778.0 65
1771579451999 20778.0 66
1771579457492 20778.0 67
1771579463089 20778.0 68
1771579468753 20778.0 69
1771579474247 20778.0 70
1771579479598 20778.0 71
1771579485124 20778.0 72
1771579490712 20778.0 73
1771579496190 20778.0 74
1771579501871 20778.0 75
1771579507156 20778.0 76
1771579512960 20778.0 77
1771579518603 20778.0 78
1771579524142 20778.0 79
1771579529653 20778.0 80
1771579535146 20778.0 81
1771579540669 20778.0 82
1771579546231 20778.0 83
1771579551805 20778.0 84
1771579557200 20778.0 85
1771579562718 20778.0 86
1771579568288 20778.0 87
1771579573831 20778.0 88
1771579579417 20778.0 89
1771579585045 20778.0 90
1771579590477 20778.0 91
1771579596094 20778.0 92
1771579601644 20778.0 93
1771579607174 20778.0 94
1771579612766 20778.0 95
1771579618182 20778.0 96
1771579623807 20778.0 97
1771579629462 20778.0 98
1771579634973 20778.0 99
