1771818724181 3349.0 0
1771818725429 2473.0 1
1771818726752 2036.0 2
1771818728001 1940.0 3
1771818729297 1632.0 4
1771818730511 1630.0 5
1771818731706 1630.0 6
1771818732974 1630.0 7
1771818734217 1542.0 8
1771818735534 1534.0 9
1771818736731 1534.0 10
1771818737946 1434.0 11
1771818739303 1434.0 12
1771818740545 1434.0 13
1771818741744 1434.0 14
1771818743041 1426.0 15
1771818744229 1426.0 16
1771818745575 1334.0 17
1771818746776 1332.0 18
1771818747980 1332.0 19
1771818749288 1332.0 20
1771818750488 1332.0 21
1771818751698 1325.0 22
1771818752980 1320.0 23
1771818754156 1318.0 24
1771818755429 1318.0 25
1771818756578 1218.0 26
1771818757804 1218.0 27
1771818759041 1218.0 28
1771818760212 1124.0 29
1771818761395 1124.0 30
1771818762665 1118.0 31
1771818763824 1024.0 32
1771818765020 924.0 33
1771818766356 924.0 34
1771818767554 924.0 35
1771818768867 924.0 36
1771818770072 912.0 37
1771818771254 912.0 38
1771818772536 912.0 39
1771818773724 912.0 40
1771818774908 912.0 41
1771818776196 812.0 42
1771818777418 812.0 43
1771818778760 812.0 44
1771818779978 812.0 45
1771818781202 812.0 46
1771818782508 812.0 47
1771818783716 812.0 48
1771818784962 812.0 49
1771818786282 712.0 50
1771818787502 712.0 51
1771818788859 703.0 52
1771818790099 703.0 53
1771818791313 603.0 54
1771818792632 603.0 55
1771818793850 603.0 56
1771818795063 503.0 57
1771818796370 503.0 58
1771818797571 503.0 59
1771818798886 503.0 60
1771818800145 503.0 61
1771818801349 497.0 62
1771818802683 497.0 63
1771818803905 497.0 64
1771818805151 497.0 65
1771818806470 497.0 66
1771818807684 497.0 67
1771818808917 497.0 68
1771818810236 497.0 69
1771818811534 397.0 70
1771818812854 397.0 71
1771818814074 397.0 72
1771818815354 397.0 73
1771818816662 397.0 74
1771818817878 397.0 75
1771818819094 397.0 76
1771818820417 397.0 77
1771818821688 397.0 78
1771818823012 397.0 79
1771818824227 397.0 80
1771818825445 397.0 81
1771818826758 397.0 82
1771818827982 397.0 83
1771818829200 397.0 84
1771818830511 397.0 85
1771818831786 397.0 86
1771818833123 397.0 87
1771818834347 397.0 88
1771818835573 397.0 89
1771818836907 397.0 90
1771818838152 397.0 91
1771818839402 397.0 92
1771818840731 397.0 93
1771818842000 396.0 94
1771818843245 396.0 95
1771818844560 396.0 96
1771818845782 396.0 97
1771818847102 396.0 98
1771818848335 396.0 99
