1771521711319 20226.0 0
1771521721999 19888.0 1
1771521733032 19038.0 2
1771521744509 18344.0 3
1771521755991 17628.0 4
1771521767805 17428.0 5
1771521779586 17134.0 6
1771521791543 17034.0 7
1771521803740 16843.0 8
1771521815581 16743.0 9
1771521827544 16543.0 10
1771521839410 16543.0 11
1771521851304 16443.0 12
1771521863401 16343.0 13
1771521875250 16243.0 14
1771521887194 16143.0 15
1771521899034 16043.0 16
1771521910875 16035.0 17
1771521922657 16035.0 18
1771521934312 15935.0 19
1771521946121 15935.0 20
1771521957843 15835.0 21
1771521969725 15830.0 22
1771521981607 15730.0 23
1771521993527 15730.0 24
1771522005436 15730.0 25
1771522017236 15532.0 26
1771522029039 15432.0 27
1771522041105 15432.0 28
1771522052800 15332.0 29
1771522064828 15238.0 30
1771522076771 15138.0 31
1771522088843 15038.0 32
1771522101090 15032.0 33
1771522112833 15032.0 34
1771522124930 14926.0 35
1771522137010 14926.0 36
1771522148824 14826.0 37
1771522161027 14726.0 38
1771522173201 14720.0 39
1771522185102 14620.0 40
1771522197089 14520.0 41
1771522209202 14425.0 42
1771522220992 14325.0 43
1771522233011 14229.0 44
1771522245009 14229.0 45
1771522257058 14134.0 46
1771522269391 14126.0 47
1771522281337 14034.0 48
1771522293454 13934.0 49
1771522305555 13934.0 50
1771522317801 13834.0 51
1771522330336 13734.0 52
1771522342466 13634.0 53
1771522354682 13536.0 54
1771522367151 13536.0 55
1771522379588 13436.0 56
1771522391957 13336.0 57
1771522404508 13336.0 58
1771522416641 13336.0 59
1771522428981 13236.0 60
1771522441531 13136.0 61
1771522454140 13128.0 62
1771522466592 13028.0 63
1771522479087 13028.0 64
1771522491418 13026.0 65
1771522503872 12928.0 66
1771522515985 12926.0 67
1771522528245 12828.0 68
1771522540296 12728.0 69
1771522552511 12628.0 70
1771522564925 12528.0 71
1771522577343 12526.0 72
1771522589390 12526.0 73
1771522601723 12518.0 74
1771522614056 12512.0 75
1771522626274 12512.0 76
1771522638506 12412.0 77
1771522650742 12312.0 78
1771522662744 12310.0 79
1771522675044 12210.0 80
1771522687385 12210.0 81
1771522699428 12208.0 82
1771522711575 12208.0 83
1771522723798 12110.0 84
1771522736022 12006.0 85
1771522748210 12006.0 86
1771522760439 12006.0 87
1771522772619 12006.0 88
1771522784972 11906.0 89
1771522797315 11904.0 90
1771522809854 11904.0 91
1771522822076 11804.0 92
1771522834514 11704.0 93
1771522847021 11704.0 94
1771522859281 11604.0 95
1771522871890 11504.0 96
1771522884232 11404.0 97
1771522896664 11404.0 98
1771522909137 11404.0 99
