1761182693818 20817.0 0
1761182695763 20817.0 1
1761182697515 20817.0 2
1761182699282 20817.0 3
1761182701047 20817.0 4
1761182702840 20817.0 5
1761182704609 20817.0 6
1761182706368 20817.0 7
1761182708110 20817.0 8
1761182709875 20817.0 9
1761182711621 20817.0 10
1761182713401 20817.0 11
1761182715191 20817.0 12
1761182716928 20817.0 13
1761182718691 20817.0 14
1761182720473 20817.0 15
1761182722207 20817.0 16
1761182723963 20817.0 17
1761182725718 20817.0 18
1761182727457 20817.0 19
1761182729212 20817.0 20
1761182730952 20817.0 21
1761182732694 20817.0 22
1761182734482 20817.0 23
1761182736262 20817.0 24
1761182738011 20817.0 25
1761182739772 20817.0 26
1761182741517 20817.0 27
1761182743278 20817.0 28
1761182745058 20817.0 29
1761182746806 20817.0 30
1761182748547 20817.0 31
1761182750299 20817.0 32
1761182752051 20817.0 33
1761182753798 20817.0 34
1761182755587 20817.0 35
1761182757333 20817.0 36
1761182759075 20817.0 37
1761182760829 20817.0 38
1761182762573 20817.0 39
1761182764316 20817.0 40
1761182766073 20817.0 41
1761182767805 20817.0 42
1761182769555 20817.0 43
1761182771306 20817.0 44
1761182773044 20817.0 45
1761182774791 20817.0 46
1761182776572 20817.0 47
1761182778306 20817.0 48
1761182780058 20817.0 49
1761182781799 20817.0 50
1761182783536 20817.0 51
1761182785282 20817.0 52
1761182787060 20817.0 53
1761182788801 20817.0 54
1761182790531 20817.0 55
1761182792269 20817.0 56
1761182794008 20817.0 57
1761182795750 20817.0 58
1761182797506 20817.0 59
1761182799245 20817.0 60
1761182800980 20817.0 61
1761182802705 20817.0 62
1761182804442 20817.0 63
1761182806182 20817.0 64
1761182807944 20817.0 65
1761182809684 20817.0 66
1761182811431 20817.0 67
1761182813148 20817.0 68
1761182814886 20817.0 69
1761182816622 20817.0 70
1761182818385 20817.0 71
1761182820130 20817.0 72
1761182821857 20817.0 73
1761182823587 20817.0 74
1761182825326 20817.0 75
1761182827073 20817.0 76
1761182828827 20817.0 77
1761182830571 20817.0 78
1761182832300 20817.0 79
1761182834040 20817.0 80
1761182835774 20817.0 81
1761182837525 20817.0 82
1761182839283 20817.0 83
1761182841032 20817.0 84
1761182842764 20817.0 85
1761182844509 20817.0 86
1761182846259 20817.0 87
1761182848022 20817.0 88
1761182849783 20817.0 89
1761182851540 20817.0 90
1761182853260 20817.0 91
1761182855007 20817.0 92
1761182856760 20817.0 93
1761182858528 20817.0 94
1761182860294 20817.0 95
1761182862036 20817.0 96
1761182863772 20817.0 97
1761182865515 20817.0 98
1761182867256 20817.0 99
