1761269589304 1889.0 0
1761269595533 1889.0 1
1761269601919 1880.0 2
1761269608478 1880.0 3
1761269615183 1880.0 4
1761269621970 1880.0 5
1761269628915 1880.0 6
1761269635903 1865.0 7
1761269643044 1865.0 8
1761269650111 1865.0 9
1761269657250 1865.0 10
1761269664475 1705.0 11
1761269671766 1705.0 12
1761269679169 1705.0 13
1761269686514 1705.0 14
1761269693922 1705.0 15
1761269701305 1705.0 16
1761269708766 1705.0 17
1761269716148 1705.0 18
1761269723521 1705.0 19
1761269730980 1705.0 20
1761269738490 1705.0 21
1761269746034 1705.0 22
1761269753516 1705.0 23
1761269760981 1705.0 24
1761269768405 1705.0 25
1761269775937 1705.0 26
1761269783396 1705.0 27
1761269790876 1705.0 28
1761269798368 1705.0 29
1761269805896 1705.0 30
1761269813506 1705.0 31
1761269821048 1705.0 32
1761269828515 1705.0 33
1761269835997 1705.0 34
1761269843538 1705.0 35
1761269851034 1705.0 36
1761269858527 1705.0 37
1761269866071 1705.0 38
1761269873650 1705.0 39
1761269881187 1705.0 40
1761269888697 1705.0 41
1761269896190 1705.0 42
1761269903694 1705.0 43
1761269911302 1705.0 44
1761269918853 1705.0 45
1761269926398 1705.0 46
1761269933914 1705.0 47
1761269941576 1705.0 48
1761269949142 1705.0 49
1761269956673 1705.0 50
1761269964196 1705.0 51
1761269971771 1705.0 52
1761269979445 1705.0 53
1761269987005 1705.0 54
1761269994551 1705.0 55
1761270002158 1705.0 56
1761270009724 1705.0 57
1761270017248 1705.0 58
1761270024751 1705.0 59
1761270032289 1705.0 60
1761270039906 1705.0 61
1761270047441 1705.0 62
1761270054944 1705.0 63
1761270062472 1705.0 64
1761270069971 1705.0 65
1761270077557 1705.0 66
1761270085111 1705.0 67
1761270092667 1705.0 68
1761270100204 1705.0 69
1761270107804 1705.0 70
1761270115355 1705.0 71
1761270122953 1705.0 72
1761270130444 1705.0 73
1761270138023 1705.0 74
1761270145519 1705.0 75
1761270153038 1705.0 76
1761270160553 1705.0 77
1761270168114 1705.0 78
1761270175710 1705.0 79
1761270183243 1705.0 80
1761270190723 1705.0 81
1761270198184 1705.0 82
1761270205772 1705.0 83
1761270213347 1705.0 84
1761270221110 1705.0 85
1761270228683 1705.0 86
1761270236226 1705.0 87
1761270243832 1705.0 88
1761270251320 1705.0 89
1761270258890 1705.0 90
1761270266409 1705.0 91
1761270274018 1705.0 92
1761270281642 1705.0 93
1761270289192 1705.0 94
1761270296770 1705.0 95
1761270304300 1705.0 96
1761270311870 1705.0 97
1761270319388 1705.0 98
1761270326958 1705.0 99
