1771748358957 3150.0 0
1771748360213 2863.0 1
1771748361490 2341.0 2
1771748362790 2228.0 3
1771748364096 1947.0 4
1771748365385 1841.0 5
1771748366753 1747.0 6
1771748368251 1656.0 7
1771748369615 1645.0 8
1771748371039 1645.0 9
1771748372394 1645.0 10
1771748373762 1645.0 11
1771748375163 1545.0 12
1771748376522 1445.0 13
1771748377861 1445.0 14
1771748379276 1445.0 15
1771748380584 1437.0 16
1771748381901 1437.0 17
1771748383306 1437.0 18
1771748384641 1437.0 19
1771748386060 1432.0 20
1771748387406 1415.0 21
1771748388726 1415.0 22
1771748390206 1315.0 23
1771748391521 1215.0 24
1771748392904 1209.0 25
1771748394359 1207.0 26
1771748395684 1207.0 27
1771748397068 1107.0 28
1771748398327 1105.0 29
1771748399612 1105.0 30
1771748400996 1105.0 31
1771748402332 1005.0 32
1771748403653 1005.0 33
1771748405064 1005.0 34
1771748406365 999.0 35
1771748407797 999.0 36
1771748409103 999.0 37
1771748410433 999.0 38
1771748411844 999.0 39
1771748413147 999.0 40
1771748414494 999.0 41
1771748415902 999.0 42
1771748417206 992.0 43
1771748418570 892.0 44
1771748419982 892.0 45
1771748421268 892.0 46
1771748422659 885.0 47
1771748423973 885.0 48
1771748425283 885.0 49
1771748426701 885.0 50
1771748427988 885.0 51
1771748429313 885.0 52
1771748430671 785.0 53
1771748431975 785.0 54
1771748433440 785.0 55
1771748434708 785.0 56
1771748435989 785.0 57
1771748437397 785.0 58
1771748438720 785.0 59
1771748440027 785.0 60
1771748441426 785.0 61
1771748442709 785.0 62
1771748444123 785.0 63
1771748445389 785.0 64
1771748446648 785.0 65
1771748447988 785.0 66
1771748449291 785.0 67
1771748450555 785.0 68
1771748451972 785.0 69
1771748453266 785.0 70
1771748454556 785.0 71
1771748455985 693.0 72
1771748457267 693.0 73
1771748458693 593.0 74
1771748460016 593.0 75
1771748461323 593.0 76
1771748462725 593.0 77
1771748464066 593.0 78
1771748465419 593.0 79
1771748466786 593.0 80
1771748468085 493.0 81
1771748469502 493.0 82
1771748470772 493.0 83
1771748472119 493.0 84
1771748473626 493.0 85
1771748474938 493.0 86
1771748476212 493.0 87
1771748477639 493.0 88
1771748478949 493.0 89
1771748480433 493.0 90
1771748481785 493.0 91
1771748483099 393.0 92
1771748484488 393.0 93
1771748485796 393.0 94
1771748487076 393.0 95
1771748488476 393.0 96
1771748489800 393.0 97
1771748491101 393.0 98
1771748492517 386.0 99
