1761276490759 1821.0 0
1761276491185 1821.0 1
1761276491563 1821.0 2
1761276491927 1821.0 3
1761276492291 1821.0 4
1761276492656 1821.0 5
1761276493019 1821.0 6
1761276493445 1821.0 7
1761276493856 1821.0 8
1761276494289 1821.0 9
1761276494742 1821.0 10
1761276495291 1821.0 11
1761276495756 1821.0 12
1761276496195 1821.0 13
1761276496626 1821.0 14
1761276497106 1821.0 15
1761276497520 1821.0 16
1761276497990 1821.0 17
1761276498428 1821.0 18
1761276498855 1821.0 19
1761276499353 1821.0 20
1761276499808 1821.0 21
1761276500329 1821.0 22
1761276500772 1821.0 23
1761276501238 1821.0 24
1761276501669 1821.0 25
1761276502116 1821.0 26
1761276502558 1821.0 27
1761276502999 1821.0 28
1761276503471 1821.0 29
1761276503940 1821.0 30
1761276504369 1821.0 31
1761276504825 1821.0 32
1761276505270 1821.0 33
1761276505694 1821.0 34
1761276506140 1821.0 35
1761276506613 1821.0 36
1761276507022 1821.0 37
1761276507426 1821.0 38
1761276507832 1821.0 39
1761276508297 1821.0 40
1761276508761 1821.0 41
1761276509239 1821.0 42
1761276509658 1821.0 43
1761276510038 1821.0 44
1761276510452 1821.0 45
1761276510859 1821.0 46
1761276511233 1821.0 47
1761276511673 1821.0 48
1761276512084 1821.0 49
1761276512487 1821.0 50
1761276512918 1821.0 51
1761276513320 1821.0 52
1761276513753 1821.0 53
1761276514161 1821.0 54
1761276514592 1821.0 55
1761276515011 1821.0 56
1761276515420 1821.0 57
1761276515854 1821.0 58
1761276516307 1821.0 59
1761276516734 1821.0 60
1761276517253 1821.0 61
1761276517696 1821.0 62
1761276518176 1821.0 63
1761276518607 1821.0 64
1761276519011 1821.0 65
1761276519543 1821.0 66
1761276519938 1821.0 67
1761276520352 1821.0 68
1761276520805 1821.0 69
1761276521328 1821.0 70
1761276521766 1821.0 71
1761276522180 1821.0 72
1761276522585 1821.0 73
1761276522971 1821.0 74
1761276523408 1821.0 75
1761276523802 1821.0 76
1761276524258 1821.0 77
1761276524626 1821.0 78
1761276525057 1821.0 79
1761276525481 1821.0 80
1761276525977 1821.0 81
1761276526415 1821.0 82
1761276526861 1821.0 83
1761276527325 1821.0 84
1761276527724 1821.0 85
1761276528185 1821.0 86
1761276528599 1821.0 87
1761276529023 1821.0 88
1761276529479 1821.0 89
1761276529860 1821.0 90
1761276530373 1821.0 91
1761276530829 1821.0 92
1761276531298 1821.0 93
1761276531715 1821.0 94
1761276532167 1821.0 95
1761276532584 1821.0 96
1761276533046 1821.0 97
1761276533464 1821.0 98
1761276533858 1821.0 99
