1761207420985 1996.0 0
1761207425397 1836.0 1
1761207429875 1696.0 2
1761207434448 1399.0 3
1761207439051 1399.0 4
1761207443753 1399.0 5
1761207448517 1399.0 6
1761207453360 1399.0 7
1761207458205 1399.0 8
1761207463152 1399.0 9
1761207468149 1399.0 10
1761207473096 1399.0 11
1761207478060 1399.0 12
1761207483066 1399.0 13
1761207488070 1399.0 14
1761207493155 1399.0 15
1761207498296 1399.0 16
1761207503404 1399.0 17
1761207508535 1399.0 18
1761207513703 1399.0 19
1761207518802 1399.0 20
1761207523954 1399.0 21
1761207529173 1399.0 22
1761207534325 1399.0 23
1761207539472 1399.0 24
1761207544551 1399.0 25
1761207549568 1399.0 26
1761207554774 1399.0 27
1761207559914 1399.0 28
1761207564969 1399.0 29
1761207570029 1399.0 30
1761207575059 1399.0 31
1761207580074 1399.0 32
1761207585201 1399.0 33
1761207590368 1399.0 34
1761207595397 1399.0 35
1761207600412 1399.0 36
1761207605419 1399.0 37
1761207610505 1399.0 38
1761207615642 1399.0 39
1761207620993 1399.0 40
1761207626168 1399.0 41
1761207631328 1399.0 42
1761207636385 1399.0 43
1761207641528 1399.0 44
1761207646645 1399.0 45
1761207651829 1399.0 46
1761207657038 1399.0 47
1761207662172 1399.0 48
1761207667246 1399.0 49
1761207672481 1399.0 50
1761207677599 1399.0 51
1761207682821 1399.0 52
1761207688022 1399.0 53
1761207693215 1399.0 54
1761207698458 1399.0 55
1761207703638 1399.0 56
1761207708827 1399.0 57
1761207714023 1399.0 58
1761207719181 1399.0 59
1761207724295 1399.0 60
1761207729521 1399.0 61
1761207734713 1399.0 62
1761207739865 1399.0 63
1761207745125 1399.0 64
1761207750332 1399.0 65
1761207755551 1399.0 66
1761207760714 1399.0 67
1761207765874 1399.0 68
1761207771051 1399.0 69
1761207776258 1399.0 70
1761207781437 1399.0 71
1761207786696 1399.0 72
1761207791912 1399.0 73
1761207797095 1399.0 74
1761207802296 1399.0 75
1761207807528 1399.0 76
1761207812796 1399.0 77
1761207817971 1399.0 78
1761207823140 1399.0 79
1761207828330 1399.0 80
1761207833553 1399.0 81
1761207838720 1399.0 82
1761207843964 1399.0 83
1761207849128 1399.0 84
1761207854283 1399.0 85
1761207859505 1399.0 86
1761207864738 1399.0 87
1761207870002 1399.0 88
1761207875217 1399.0 89
1761207880410 1399.0 90
1761207885600 1399.0 91
1761207890786 1399.0 92
1761207896024 1399.0 93
1761207901228 1399.0 94
1761207906395 1399.0 95
1761207911578 1399.0 96
1761207916749 1399.0 97
1761207921950 1399.0 98
1761207927161 1399.0 99
