1761202855128 1817.0 0
1761202855519 1817.0 1
1761202855850 1817.0 2
1761202856177 1817.0 3
1761202856501 1817.0 4
1761202856829 1817.0 5
1761202857157 1817.0 6
1761202857486 1817.0 7
1761202857813 1817.0 8
1761202858138 1817.0 9
1761202858467 1817.0 10
1761202858796 1817.0 11
1761202859125 1817.0 12
1761202859456 1817.0 13
1761202859780 1817.0 14
1761202860104 1817.0 15
1761202860424 1817.0 16
1761202860757 1817.0 17
1761202861080 1817.0 18
1761202861409 1817.0 19
1761202861737 1817.0 20
1761202862066 1817.0 21
1761202862394 1817.0 22
1761202862722 1817.0 23
1761202863056 1817.0 24
1761202863380 1817.0 25
1761202863708 1817.0 26
1761202864035 1817.0 27
1761202864361 1817.0 28
1761202864697 1817.0 29
1761202865025 1817.0 30
1761202865356 1817.0 31
1761202865692 1817.0 32
1761202866020 1817.0 33
1761202866345 1817.0 34
1761202866684 1817.0 35
1761202867015 1817.0 36
1761202867344 1817.0 37
1761202867672 1817.0 38
1761202868001 1817.0 39
1761202868329 1817.0 40
1761202868661 1817.0 41
1761202868993 1817.0 42
1761202869319 1817.0 43
1761202869645 1817.0 44
1761202869972 1817.0 45
1761202870298 1817.0 46
1761202870622 1817.0 47
1761202870947 1817.0 48
1761202871277 1817.0 49
1761202871605 1817.0 50
1761202871929 1817.0 51
1761202872266 1817.0 52
1761202872594 1817.0 53
1761202872916 1817.0 54
1761202873242 1817.0 55
1761202873570 1817.0 56
1761202873893 1817.0 57
1761202874221 1817.0 58
1761202874552 1817.0 59
1761202874885 1817.0 60
1761202875212 1817.0 61
1761202875538 1817.0 62
1761202875864 1817.0 63
1761202876197 1817.0 64
1761202876532 1817.0 65
1761202876871 1817.0 66
1761202877213 1817.0 67
1761202877544 1817.0 68
1761202877876 1817.0 69
1761202878209 1817.0 70
1761202878537 1817.0 71
1761202878866 1817.0 72
1761202879198 1817.0 73
1761202879525 1817.0 74
1761202879855 1817.0 75
1761202880181 1817.0 76
1761202880508 1817.0 77
1761202880832 1817.0 78
1761202881155 1817.0 79
1761202881480 1817.0 80
1761202881808 1817.0 81
1761202882140 1817.0 82
1761202882471 1817.0 83
1761202882797 1817.0 84
1761202883129 1817.0 85
1761202883459 1817.0 86
1761202883793 1817.0 87
1761202884122 1817.0 88
1761202884444 1817.0 89
1761202884778 1817.0 90
1761202885111 1817.0 91
1761202885436 1817.0 92
1761202885767 1817.0 93
1761202886095 1817.0 94
1761202886419 1817.0 95
1761202886755 1817.0 96
1761202887094 1817.0 97
1761202887427 1817.0 98
1761202887764 1817.0 99
