1761279381323 1671.0 0
1761279381694 1671.0 1
1761279381993 1671.0 2
1761279382299 1671.0 3
1761279382607 1671.0 4
1761279382917 1671.0 5
1761279383236 1671.0 6
1761279383553 1671.0 7
1761279383876 1671.0 8
1761279384188 1671.0 9
1761279384496 1671.0 10
1761279384799 1671.0 11
1761279385106 1671.0 12
1761279385406 1671.0 13
1761279385713 1671.0 14
1761279386017 1671.0 15
1761279386323 1671.0 16
1761279386628 1671.0 17
1761279386930 1671.0 18
1761279387234 1671.0 19
1761279387545 1671.0 20
1761279387853 1671.0 21
1761279388156 1671.0 22
1761279388464 1671.0 23
1761279388776 1671.0 24
1761279389083 1671.0 25
1761279389387 1671.0 26
1761279389688 1671.0 27
1761279389991 1671.0 28
1761279390287 1671.0 29
1761279390591 1671.0 30
1761279390901 1671.0 31
1761279391211 1671.0 32
1761279391521 1671.0 33
1761279391823 1671.0 34
1761279392135 1671.0 35
1761279392440 1671.0 36
1761279392742 1671.0 37
1761279393056 1671.0 38
1761279393356 1671.0 39
1761279393659 1671.0 40
1761279393961 1671.0 41
1761279394267 1671.0 42
1761279394572 1671.0 43
1761279394877 1671.0 44
1761279395182 1671.0 45
1761279395485 1671.0 46
1761279395783 1671.0 47
1761279396093 1671.0 48
1761279396396 1671.0 49
1761279396704 1671.0 50
1761279397009 1671.0 51
1761279397312 1671.0 52
1761279397617 1671.0 53
1761279397920 1671.0 54
1761279398218 1671.0 55
1761279398520 1671.0 56
1761279398823 1671.0 57
1761279399126 1671.0 58
1761279399430 1671.0 59
1761279399732 1671.0 60
1761279400037 1671.0 61
1761279400343 1671.0 62
1761279400647 1671.0 63
1761279400952 1671.0 64
1761279401270 1671.0 65
1761279401580 1671.0 66
1761279401882 1671.0 67
1761279402202 1671.0 68
1761279402509 1671.0 69
1761279402817 1671.0 70
1761279403123 1671.0 71
1761279403430 1671.0 72
1761279403738 1671.0 73
1761279404045 1671.0 74
1761279404351 1671.0 75
1761279404659 1671.0 76
1761279404964 1671.0 77
1761279405268 1671.0 78
1761279405576 1671.0 79
1761279405879 1671.0 80
1761279406190 1671.0 81
1761279406499 1671.0 82
1761279406808 1671.0 83
1761279407115 1671.0 84
1761279407426 1671.0 85
1761279407735 1671.0 86
1761279408040 1671.0 87
1761279408349 1671.0 88
1761279408657 1671.0 89
1761279408961 1671.0 90
1761279409271 1671.0 91
1761279409580 1671.0 92
1761279409889 1671.0 93
1761279410194 1671.0 94
1761279410499 1671.0 95
1761279410809 1671.0 96
1761279411112 1671.0 97
1761279411418 1671.0 98
1761279411721 1671.0 99
