1761201960625 3203.0 0
1761201961096 2914.0 1
1761201961531 2517.0 2
1761201961946 1827.0 3
1761201962386 1729.0 4
1761201962854 1529.0 5
1761201963318 1521.0 6
1761201963823 1421.0 7
1761201964295 1421.0 8
1761201964772 1412.0 9
1761201965255 1410.0 10
1761201965727 1410.0 11
1761201966189 1408.0 12
1761201966651 1408.0 13
1761201967102 1408.0 14
1761201967615 1408.0 15
1761201968071 1408.0 16
1761201968535 1408.0 17
1761201968995 1308.0 18
1761201969459 1302.0 19
1761201969933 1302.0 20
1761201970389 1202.0 21
1761201970835 1202.0 22
1761201971332 1202.0 23
1761201971789 1202.0 24
1761201972246 1102.0 25
1761201972711 1102.0 26
1761201973160 1002.0 27
1761201973614 1002.0 28
1761201974071 902.0 29
1761201974536 902.0 30
1761201975009 896.0 31
1761201975517 896.0 32
1761201975966 896.0 33
1761201976428 896.0 34
1761201976887 888.0 35
1761201977332 888.0 36
1761201977787 888.0 37
1761201978229 888.0 38
1761201978675 888.0 39
1761201979177 888.0 40
1761201979627 888.0 41
1761201980071 888.0 42
1761201980519 888.0 43
1761201980967 888.0 44
1761201981422 788.0 45
1761201981873 788.0 46
1761201982320 788.0 47
1761201982838 788.0 48
1761201983282 780.0 49
1761201983717 780.0 50
1761201984157 780.0 51
1761201984593 780.0 52
1761201985044 780.0 53
1761201985483 780.0 54
1761201985930 780.0 55
1761201986429 780.0 56
1761201986876 780.0 57
1761201987321 780.0 58
1761201987767 780.0 59
1761201988212 780.0 60
1761201988656 780.0 61
1761201989096 780.0 62
1761201989538 780.0 63
1761201989976 780.0 64
1761201990465 780.0 65
1761201990912 780.0 66
1761201991352 780.0 67
1761201991793 780.0 68
1761201992240 780.0 69
1761201992681 780.0 70
1761201993119 780.0 71
1761201993568 780.0 72
1761201994056 780.0 73
1761201994502 780.0 74
1761201994958 780.0 75
1761201995409 780.0 76
1761201995858 780.0 77
1761201996315 778.0 78
1761201996753 778.0 79
1761201997194 778.0 80
1761201997685 678.0 81
1761201998118 678.0 82
1761201998547 678.0 83
1761201998995 678.0 84
1761201999444 678.0 85
1761201999875 678.0 86
1761202000312 678.0 87
1761202000752 678.0 88
1761202001249 578.0 89
1761202001682 578.0 90
1761202002112 578.0 91
1761202002547 578.0 92
1761202002981 578.0 93
1761202003413 578.0 94
1761202003846 578.0 95
1761202004280 578.0 96
1761202004715 578.0 97
1761202005210 578.0 98
1761202005661 578.0 99
