1761203959614 3040.0 0
1761203960097 2520.0 1
1761203960591 2215.0 2
1761203961043 1937.0 3
1761203961530 1732.0 4
1761203962022 1537.0 5
1761203962531 1429.0 6
1761203963024 1429.0 7
1761203963570 1427.0 8
1761203964055 1420.0 9
1761203964551 1420.0 10
1761203965024 1420.0 11
1761203965514 1420.0 12
1761203966016 1420.0 13
1761203966513 1420.0 14
1761203967008 1414.0 15
1761203967545 1414.0 16
1761203968041 1314.0 17
1761203968539 1306.0 18
1761203969019 1206.0 19
1761203969516 1206.0 20
1761203970009 1206.0 21
1761203970491 1206.0 22
1761203970979 1206.0 23
1761203971523 1106.0 24
1761203972009 1106.0 25
1761203972472 1106.0 26
1761203972949 1106.0 27
1761203973411 1106.0 28
1761203973890 1104.0 29
1761203974363 1104.0 30
1761203974837 1092.0 31
1761203975353 1092.0 32
1761203975811 1092.0 33
1761203976277 1092.0 34
1761203976733 1092.0 35
1761203977201 1092.0 36
1761203977666 992.0 37
1761203978138 992.0 38
1761203978608 992.0 39
1761203979070 992.0 40
1761203979588 992.0 41
1761203980071 992.0 42
1761203980548 992.0 43
1761203981027 990.0 44
1761203981493 890.0 45
1761203981960 890.0 46
1761203982433 890.0 47
1761203982895 890.0 48
1761203983407 890.0 49
1761203983898 890.0 50
1761203984356 885.0 51
1761203984819 885.0 52
1761203985281 885.0 53
1761203985750 885.0 54
1761203986206 885.0 55
1761203986665 885.0 56
1761203987189 878.0 57
1761203987652 878.0 58
1761203988117 878.0 59
1761203988584 878.0 60
1761203989056 878.0 61
1761203989533 878.0 62
1761203990003 878.0 63
1761203990480 778.0 64
1761203991007 778.0 65
1761203991472 678.0 66
1761203991944 678.0 67
1761203992423 678.0 68
1761203992903 678.0 69
1761203993376 678.0 70
1761203993843 678.0 71
1761203994315 578.0 72
1761203994797 578.0 73
1761203995334 478.0 74
1761203995823 478.0 75
1761203996307 478.0 76
1761203996792 478.0 77
1761203997278 378.0 78
1761203997763 378.0 79
1761203998259 378.0 80
1761203998748 378.0 81
1761203999297 378.0 82
1761203999806 378.0 83
1761204000314 378.0 84
1761204000823 378.0 85
1761204001329 378.0 86
1761204001823 378.0 87
1761204002317 378.0 88
1761204002801 378.0 89
1761204003339 378.0 90
1761204003826 378.0 91
1761204004324 378.0 92
1761204004814 378.0 93
1761204005305 378.0 94
1761204005787 378.0 95
1761204006283 378.0 96
1761204006771 378.0 97
1761204007328 378.0 98
1761204007811 378.0 99
