1761286609130 1684.0 0
1761286609411 1684.0 1
1761286609654 1684.0 2
1761286609909 1684.0 3
1761286610147 1684.0 4
1761286610390 1684.0 5
1761286610633 1684.0 6
1761286610875 1684.0 7
1761286611115 1684.0 8
1761286611355 1684.0 9
1761286611595 1684.0 10
1761286611831 1684.0 11
1761286612071 1684.0 12
1761286612313 1684.0 13
1761286612552 1684.0 14
1761286612793 1684.0 15
1761286613032 1684.0 16
1761286613273 1684.0 17
1761286613515 1684.0 18
1761286613754 1684.0 19
1761286613997 1684.0 20
1761286614235 1684.0 21
1761286614483 1684.0 22
1761286614724 1684.0 23
1761286614964 1684.0 24
1761286615201 1684.0 25
1761286615439 1684.0 26
1761286615680 1684.0 27
1761286615921 1684.0 28
1761286616165 1684.0 29
1761286616411 1684.0 30
1761286616648 1684.0 31
1761286616895 1684.0 32
1761286617131 1684.0 33
1761286617370 1684.0 34
1761286617608 1684.0 35
1761286617849 1684.0 36
1761286618090 1684.0 37
1761286618326 1684.0 38
1761286618574 1684.0 39
1761286618819 1684.0 40
1761286619067 1684.0 41
1761286619303 1684.0 42
1761286619553 1684.0 43
1761286619797 1684.0 44
1761286620037 1684.0 45
1761286620269 1684.0 46
1761286620508 1684.0 47
1761286620747 1684.0 48
1761286620986 1684.0 49
1761286621228 1684.0 50
1761286621477 1684.0 51
1761286621719 1684.0 52
1761286621962 1684.0 53
1761286622199 1684.0 54
1761286622442 1684.0 55
1761286622681 1684.0 56
1761286622919 1684.0 57
1761286623155 1684.0 58
1761286623403 1684.0 59
1761286623653 1684.0 60
1761286623892 1684.0 61
1761286624138 1684.0 62
1761286624376 1684.0 63
1761286624615 1684.0 64
1761286624854 1684.0 65
1761286625093 1684.0 66
1761286625333 1684.0 67
1761286625569 1684.0 68
1761286625812 1684.0 69
1761286626054 1684.0 70
1761286626296 1684.0 71
1761286626535 1684.0 72
1761286626776 1684.0 73
1761286627017 1684.0 74
1761286627255 1684.0 75
1761286627495 1684.0 76
1761286627737 1684.0 77
1761286627974 1684.0 78
1761286628213 1684.0 79
1761286628458 1684.0 80
1761286628709 1684.0 81
1761286628946 1684.0 82
1761286629183 1684.0 83
1761286629429 1684.0 84
1761286629665 1684.0 85
1761286629908 1684.0 86
1761286630154 1684.0 87
1761286630393 1684.0 88
1761286630634 1684.0 89
1761286630874 1684.0 90
1761286631114 1684.0 91
1761286631356 1684.0 92
1761286631594 1684.0 93
1761286631837 1684.0 94
1761286632080 1684.0 95
1761286632316 1684.0 96
1761286632554 1684.0 97
1761286632796 1684.0 98
1761286633045 1684.0 99
