1761287135677 1689.0 0
1761287136269 1589.0 1
1761287136867 1530.0 2
1761287137472 1530.0 3
1761287138062 1530.0 4
1761287138654 1430.0 5
1761287139244 1430.0 6
1761287139849 1330.0 7
1761287140442 1330.0 8
1761287141057 1330.0 9
1761287141652 1330.0 10
1761287142241 1330.0 11
1761287142837 1330.0 12
1761287143435 1230.0 13
1761287144035 1230.0 14
1761287144645 1230.0 15
1761287145254 1132.0 16
1761287145850 1132.0 17
1761287146434 1132.0 18
1761287147048 1026.0 19
1761287147669 1024.0 20
1761287148283 1024.0 21
1761287148892 1024.0 22
1761287149495 1024.0 23
1761287150092 1019.0 24
1761287150709 1019.0 25
1761287151321 1019.0 26
1761287151937 919.0 27
1761287152536 919.0 28
1761287153146 919.0 29
1761287153754 919.0 30
1761287154349 912.0 31
1761287154952 912.0 32
1761287155550 910.0 33
1761287156154 810.0 34
1761287156764 808.0 35
1761287157366 808.0 36
1761287157969 799.0 37
1761287158579 799.0 38
1761287159189 799.0 39
1761287159786 799.0 40
1761287160386 799.0 41
1761287160998 699.0 42
1761287161603 699.0 43
1761287162204 699.0 44
1761287162850 699.0 45
1761287163471 699.0 46
1761287164064 699.0 47
1761287164689 699.0 48
1761287165303 699.0 49
1761287165934 699.0 50
1761287166554 699.0 51
1761287167191 699.0 52
1761287167817 699.0 53
1761287168476 674.0 54
1761287169102 574.0 55
1761287169716 574.0 56
1761287170318 574.0 57
1761287170929 574.0 58
1761287171533 574.0 59
1761287172138 574.0 60
1761287172760 574.0 61
1761287173356 574.0 62
1761287173961 574.0 63
1761287174555 574.0 64
1761287175168 574.0 65
1761287175781 574.0 66
1761287176408 574.0 67
1761287177040 574.0 68
1761287177676 574.0 69
1761287178273 574.0 70
1761287178888 574.0 71
1761287179518 574.0 72
1761287180118 574.0 73
1761287180736 574.0 74
1761287181344 574.0 75
1761287181941 574.0 76
1761287182559 574.0 77
1761287183166 574.0 78
1761287183770 574.0 79
1761287184359 574.0 80
1761287184966 574.0 81
1761287185559 574.0 82
1761287186151 574.0 83
1761287186759 574.0 84
1761287187367 574.0 85
1761287187961 574.0 86
1761287188552 574.0 87
1761287189167 574.0 88
1761287189782 574.0 89
1761287190399 574.0 90
1761287190993 574.0 91
1761287191614 574.0 92
1761287192211 574.0 93
1761287192816 574.0 94
1761287193444 574.0 95
1761287194065 574.0 96
1761287194682 574.0 97
1761287195317 574.0 98
1761287195947 574.0 99
