1761271606561 2005.0 0
1761271606968 1300.0 1
1761271607357 1201.0 2
1761271607812 897.0 3
1761271608238 895.0 4
1761271608680 893.0 5
1761271609121 893.0 6
1761271609557 893.0 7
1761271609999 893.0 8
1761271610448 887.0 9
1761271610887 887.0 10
1761271611324 798.0 11
1761271611776 792.0 12
1761271612297 692.0 13
1761271612754 692.0 14
1761271613218 692.0 15
1761271613676 692.0 16
1761271614130 692.0 17
1761271614597 692.0 18
1761271615056 687.0 19
1761271615525 687.0 20
1761271615981 687.0 21
1761271616435 687.0 22
1761271616889 587.0 23
1761271617358 587.0 24
1761271617875 587.0 25
1761271618331 585.0 26
1761271618769 577.0 27
1761271619217 577.0 28
1761271619675 577.0 29
1761271620129 577.0 30
1761271620582 577.0 31
1761271621047 577.0 32
1761271621496 577.0 33
1761271621952 577.0 34
1761271622413 577.0 35
1761271622859 577.0 36
1761271623358 577.0 37
1761271623804 577.0 38
1761271624245 573.0 39
1761271624678 573.0 40
1761271625121 573.0 41
1761271625561 573.0 42
1761271626004 573.0 43
1761271626443 573.0 44
1761271626868 573.0 45
1761271627305 573.0 46
1761271627733 573.0 47
1761271628165 473.0 48
1761271628664 473.0 49
1761271629120 473.0 50
1761271629569 473.0 51
1761271630015 459.0 52
1761271630453 459.0 53
1761271630915 459.0 54
1761271631355 459.0 55
1761271631791 459.0 56
1761271632230 459.0 57
1761271632672 459.0 58
1761271633108 459.0 59
1761271633545 457.0 60
1761271634049 457.0 61
1761271634489 457.0 62
1761271634929 457.0 63
1761271635368 457.0 64
1761271635823 455.0 65
1761271636276 455.0 66
1761271636725 455.0 67
1761271637163 455.0 68
1761271637603 455.0 69
1761271638045 455.0 70
1761271638493 455.0 71
1761271638933 455.0 72
1761271639416 455.0 73
1761271639849 455.0 74
1761271640282 455.0 75
1761271640721 455.0 76
1761271641164 455.0 77
1761271641598 455.0 78
1761271642037 455.0 79
1761271642477 455.0 80
1761271642906 455.0 81
1761271643338 455.0 82
1761271643781 455.0 83
1761271644223 455.0 84
1761271644719 455.0 85
1761271645180 455.0 86
1761271645614 455.0 87
1761271646055 455.0 88
1761271646509 455.0 89
1761271646955 455.0 90
1761271647397 455.0 91
1761271647841 455.0 92
1761271648280 455.0 93
1761271648707 455.0 94
1761271649137 455.0 95
1761271649574 455.0 96
1761271650070 455.0 97
1761271650519 455.0 98
1761271650958 455.0 99
