1761190041864 2066.0 0
1761190042186 2066.0 1
1761190042447 2066.0 2
1761190042714 2066.0 3
1761190042973 2066.0 4
1761190043238 2066.0 5
1761190043498 2066.0 6
1761190043756 2066.0 7
1761190044016 2066.0 8
1761190044277 2066.0 9
1761190044542 2066.0 10
1761190044800 2066.0 11
1761190045062 2066.0 12
1761190045323 2066.0 13
1761190045581 2066.0 14
1761190045840 2066.0 15
1761190046101 2066.0 16
1761190046358 2066.0 17
1761190046620 2066.0 18
1761190046874 2066.0 19
1761190047143 2066.0 20
1761190047404 2066.0 21
1761190047666 2066.0 22
1761190047936 2066.0 23
1761190048205 2066.0 24
1761190048469 2066.0 25
1761190048727 2066.0 26
1761190048985 2066.0 27
1761190049244 2066.0 28
1761190049504 2066.0 29
1761190049768 2066.0 30
1761190050021 2066.0 31
1761190050287 2066.0 32
1761190050558 2066.0 33
1761190050828 2066.0 34
1761190051094 2066.0 35
1761190051362 2066.0 36
1761190051629 2066.0 37
1761190051894 2066.0 38
1761190052156 2066.0 39
1761190052415 2066.0 40
1761190052674 2066.0 41
1761190052926 2066.0 42
1761190053185 2066.0 43
1761190053447 2066.0 44
1761190053711 2066.0 45
1761190053971 2066.0 46
1761190054238 2066.0 47
1761190054496 2066.0 48
1761190054756 2066.0 49
1761190055019 2066.0 50
1761190055276 2066.0 51
1761190055536 2066.0 52
1761190055794 2066.0 53
1761190056046 2066.0 54
1761190056305 2066.0 55
1761190056570 2066.0 56
1761190056832 2066.0 57
1761190057093 2066.0 58
1761190057352 2066.0 59
1761190057615 2066.0 60
1761190057875 2066.0 61
1761190058136 2066.0 62
1761190058395 2066.0 63
1761190058654 2066.0 64
1761190058914 2066.0 65
1761190059179 2066.0 66
1761190059443 2066.0 67
1761190059705 2066.0 68
1761190059970 2066.0 69
1761190060231 2066.0 70
1761190060489 2066.0 71
1761190060754 2066.0 72
1761190061014 2066.0 73
1761190061269 2066.0 74
1761190061533 2066.0 75
1761190061799 2066.0 76
1761190062056 2066.0 77
1761190062318 2066.0 78
1761190062571 2066.0 79
1761190062834 2066.0 80
1761190063093 2066.0 81
1761190063351 2066.0 82
1761190063610 2066.0 83
1761190063876 2066.0 84
1761190064145 2066.0 85
1761190064411 2066.0 86
1761190064672 2066.0 87
1761190064934 2066.0 88
1761190065195 2066.0 89
1761190065450 2066.0 90
1761190065712 2066.0 91
1761190065979 2066.0 92
1761190066238 2066.0 93
1761190066501 2066.0 94
1761190066757 2066.0 95
1761190067018 2066.0 96
1761190067283 2066.0 97
1761190067543 2066.0 98
1761190067800 2066.0 99
