1771775560117 2820.0 0
1771775561853 2820.0 1
1771775563557 2820.0 2
1771775565046 2820.0 3
1771775566555 2820.0 4
1771775567916 2820.0 5
1771775569233 2820.0 6
1771775570481 2820.0 7
1771775571783 2820.0 8
1771775573004 2820.0 9
1771775574284 2820.0 10
1771775575553 2820.0 11
1771775576863 2820.0 12
1771775578109 2820.0 13
1771775579421 2820.0 14
1771775580692 2820.0 15
1771775582046 2820.0 16
1771775583293 2820.0 17
1771775584579 2820.0 18
1771775585854 2820.0 19
1771775587143 2820.0 20
1771775588363 2820.0 21
1771775589622 2820.0 22
1771775590849 2820.0 23
1771775592181 2820.0 24
1771775593432 2820.0 25
1771775594711 2820.0 26
1771775595976 2820.0 27
1771775597257 2820.0 28
1771775598495 2820.0 29
1771775599744 2820.0 30
1771775600996 2820.0 31
1771775602290 2820.0 32
1771775603537 2820.0 33
1771775604846 2820.0 34
1771775606111 2820.0 35
1771775607367 2820.0 36
1771775608576 2820.0 37
1771775609784 2820.0 38
1771775611040 2820.0 39
1771775612316 2820.0 40
1771775613552 2820.0 41
1771775614780 2820.0 42
1771775616078 2820.0 43
1771775617318 2820.0 44
1771775618624 2820.0 45
1771775619845 2820.0 46
1771775621105 2820.0 47
1771775622314 2820.0 48
1771775623620 2820.0 49
1771775624799 2820.0 50
1771775625999 2820.0 51
1771775627292 2820.0 52
1771775628634 2820.0 53
1771775629874 2820.0 54
1771775631172 2820.0 55
1771775632472 2820.0 56
1771775633819 2820.0 57
1771775635064 2820.0 58
1771775636371 2820.0 59
1771775637644 2820.0 60
1771775638984 2820.0 61
1771775640242 2820.0 62
1771775641585 2820.0 63
1771775642852 2820.0 64
1771775644189 2820.0 65
1771775645462 2820.0 66
1771775646759 2820.0 67
1771775648112 2820.0 68
1771775649400 2820.0 69
1771775650645 2820.0 70
1771775651996 2820.0 71
1771775653252 2820.0 72
1771775654584 2820.0 73
1771775655827 2820.0 74
1771775657157 2820.0 75
1771775658497 2820.0 76
1771775659744 2820.0 77
1771775660923 2820.0 78
1771775662198 2820.0 79
1771775663420 2820.0 80
1771775664728 2820.0 81
1771775665995 2820.0 82
1771775667353 2820.0 83
1771775668648 2820.0 84
1771775670001 2820.0 85
1771775671266 2820.0 86
1771775672615 2820.0 87
1771775673866 2820.0 88
1771775675238 2820.0 89
1771775676523 2820.0 90
1771775677874 2820.0 91
1771775679102 2820.0 92
1771775680428 2820.0 93
1771775681669 2820.0 94
1771775682999 2820.0 95
1771775684358 2820.0 96
1771775685620 2820.0 97
1771775686901 2820.0 98
1771775688239 2820.0 99
