1761182882205 21200.0 0
1761182900896 21200.0 1
1761182920221 21200.0 2
1761182941298 20035.0 3
1761182963741 20035.0 4
1761182985414 20035.0 5
1761183005402 20035.0 6
1761183027025 20035.0 7
1761183046981 20035.0 8
1761183067311 20035.0 9
1761183087874 20035.0 10
1761183108637 20035.0 11
1761183129462 20035.0 12
1761183150680 20035.0 13
1761183171651 20035.0 14
1761183192786 20035.0 15
1761183214020 20035.0 16
1761183235243 20035.0 17
1761183256591 20035.0 18
1761183278365 20035.0 19
1761183299913 20035.0 20
1761183321756 20035.0 21
1761183343579 20035.0 22
1761183365302 20035.0 23
1761183387201 20035.0 24
1761183409255 20035.0 25
1761183431414 20035.0 26
1761183453278 20035.0 27
1761183475313 20035.0 28
1761183497596 20035.0 29
1761183519465 20035.0 30
1761183542078 20035.0 31
1761183567631 20035.0 32
1761183590216 20035.0 33
1761183613188 20035.0 34
1761183635077 20035.0 35
1761183656392 20035.0 36
1761183677796 20035.0 37
1761183699234 20035.0 38
1761183720920 20035.0 39
1761183743078 20035.0 40
1761183765394 20035.0 41
1761183786947 20035.0 42
1761183809108 20035.0 43
1761183832004 20035.0 44
1761183860172 20035.0 45
1761183886372 20035.0 46
1761183912829 20035.0 47
1761183939265 20035.0 48
1761183966240 20035.0 49
1761183992409 20035.0 50
1761184023212 20035.0 51
1761184054086 20035.0 52
1761184082728 20035.0 53
1761184111075 20035.0 54
1761184136127 20035.0 55
1761184157525 20035.0 56
1761184178965 20035.0 57
1761184200463 20035.0 58
1761184221937 20035.0 59
1761184243504 20035.0 60
1761184264843 20035.0 61
1761184286212 20035.0 62
1761184307756 20035.0 63
1761184329037 20035.0 64
1761184350521 20035.0 65
1761184377090 20035.0 66
1761184404570 20035.0 67
1761184431526 20035.0 68
1761184458780 20035.0 69
1761184486363 20035.0 70
1761184513386 20035.0 71
1761184540794 20035.0 72
1761184568102 20035.0 73
1761184595544 20035.0 74
1761184622650 20035.0 75
1761184649342 20035.0 76
1761184673862 20035.0 77
1761184698444 20035.0 78
1761184722956 20035.0 79
1761184747528 20035.0 80
1761184772493 20035.0 81
1761184796983 20035.0 82
1761184821385 20035.0 83
1761184845771 20035.0 84
1761184870314 20035.0 85
1761184894943 20035.0 86
1761184919662 20035.0 87
1761184944478 20035.0 88
1761184969002 20035.0 89
1761184993834 20035.0 90
1761185018563 20035.0 91
1761185043312 20035.0 92
1761185067880 20035.0 93
1761185092372 20035.0 94
1761185116711 20035.0 95
1761185141147 20035.0 96
1761185165277 20035.0 97
1761185189530 20035.0 98
1761185213843 20035.0 99
