1761195464284 3077.0 0
1761195464899 3077.0 1
1761195465437 3077.0 2
1761195465977 3077.0 3
1761195466528 3077.0 4
1761195467075 3077.0 5
1761195467619 3077.0 6
1761195468162 3077.0 7
1761195468693 3077.0 8
1761195469235 3077.0 9
1761195469777 3077.0 10
1761195470330 3077.0 11
1761195470875 3077.0 12
1761195471424 3077.0 13
1761195471979 3077.0 14
1761195472529 3077.0 15
1761195473079 3077.0 16
1761195473640 3077.0 17
1761195474208 3077.0 18
1761195474771 3077.0 19
1761195475326 3077.0 20
1761195475875 3077.0 21
1761195476408 3077.0 22
1761195476942 3077.0 23
1761195477492 3077.0 24
1761195478039 3077.0 25
1761195478578 3077.0 26
1761195479139 3077.0 27
1761195479679 3077.0 28
1761195480244 3077.0 29
1761195480807 3077.0 30
1761195481367 3077.0 31
1761195481915 3077.0 32
1761195482454 3077.0 33
1761195483021 3077.0 34
1761195483565 3077.0 35
1761195484114 3077.0 36
1761195484663 3077.0 37
1761195485212 3077.0 38
1761195485765 3077.0 39
1761195486323 3077.0 40
1761195486875 3077.0 41
1761195487413 3077.0 42
1761195487963 3077.0 43
1761195488513 3077.0 44
1761195489070 3077.0 45
1761195489618 3077.0 46
1761195490169 3077.0 47
1761195490726 3077.0 48
1761195491278 3077.0 49
1761195491837 3077.0 50
1761195492414 3077.0 51
1761195492978 3077.0 52
1761195493560 3077.0 53
1761195494186 3077.0 54
1761195494925 3077.0 55
1761195495534 3077.0 56
1761195496164 3077.0 57
1761195496818 3077.0 58
1761195497553 3077.0 59
1761195498250 3077.0 60
1761195498877 3077.0 61
1761195499494 3077.0 62
1761195500121 3077.0 63
1761195500772 3077.0 64
1761195501394 3077.0 65
1761195502016 3077.0 66
1761195502653 3077.0 67
1761195503318 3077.0 68
1761195503970 3077.0 69
1761195504610 3077.0 70
1761195505200 3077.0 71
1761195505771 3077.0 72
1761195506457 3077.0 73
1761195507120 3077.0 74
1761195507771 3077.0 75
1761195508422 3077.0 76
1761195509063 3077.0 77
1761195509716 3077.0 78
1761195510358 3077.0 79
1761195511012 3077.0 80
1761195511605 3077.0 81
1761195512228 3077.0 82
1761195512862 3077.0 83
1761195513497 3077.0 84
1761195514110 3077.0 85
1761195514722 3077.0 86
1761195515352 3077.0 87
1761195516005 3077.0 88
1761195516715 3077.0 89
1761195517367 3077.0 90
1761195518002 3077.0 91
1761195518593 3077.0 92
1761195519258 3077.0 93
1761195519919 3077.0 94
1761195520539 3077.0 95
1761195521197 3077.0 96
1761195521843 3077.0 97
1761195522513 3077.0 98
1761195523141 3077.0 99
