1772021568826 3024.0 0
1772021570275 3024.0 1
1772021572131 3024.0 2
1772021573446 3024.0 3
1772021574673 3024.0 4
1772021575865 3024.0 5
1772021577066 3024.0 6
1772021578310 3024.0 7
1772021579538 3024.0 8
1772021580721 3024.0 9
1772021581927 3024.0 10
1772021583288 3024.0 11
1772021584770 3024.0 12
1772021586284 3024.0 13
1772021588247 3024.0 14
1772021589880 3024.0 15
1772021591421 3024.0 16
1772021592638 3024.0 17
1772021593961 3024.0 18
1772021595096 3024.0 19
1772021596230 3024.0 20
1772021597485 3024.0 21
1772021598659 3024.0 22
1772021599785 3024.0 23
1772021600917 3024.0 24
1772021602241 3024.0 25
1772021603681 3024.0 26
1772021604879 3024.0 27
1772021606818 3024.0 28
1772021608361 3024.0 29
1772021609702 3024.0 30
1772021611032 3024.0 31
1772021612384 3024.0 32
1772021613857 3024.0 33
1772021616163 3024.0 34
1772021617429 3024.0 35
1772021618656 3024.0 36
1772021620220 3024.0 37
1772021622632 3024.0 38
1772021624491 3024.0 39
1772021625872 3024.0 40
1772021627430 3024.0 41
1772021629007 3024.0 42
1772021630266 3024.0 43
1772021631810 3024.0 44
1772021633041 3024.0 45
1772021634163 3024.0 46
1772021635264 3024.0 47
1772021636387 3024.0 48
1772021637549 3024.0 49
1772021638666 3024.0 50
1772021639834 3024.0 51
1772021640992 3024.0 52
1772021642108 3024.0 53
1772021643227 3024.0 54
1772021644367 3024.0 55
1772021645472 3024.0 56
1772021646595 3024.0 57
1772021647746 3024.0 58
1772021649020 3024.0 59
1772021650149 3024.0 60
1772021651320 3024.0 61
1772021652444 3024.0 62
1772021653661 3024.0 63
1772021655002 3024.0 64
1772021656126 3024.0 65
1772021657281 3024.0 66
1772021658398 3024.0 67
1772021659629 3024.0 68
1772021660859 3024.0 69
1772021662163 3024.0 70
1772021663356 3024.0 71
1772021664452 3024.0 72
1772021665687 3024.0 73
1772021667840 3024.0 74
1772021669957 3024.0 75
1772021671183 3024.0 76
1772021672331 3024.0 77
1772021673501 3024.0 78
1772021674940 3024.0 79
1772021676194 3024.0 80
1772021677313 3024.0 81
1772021679143 3024.0 82
1772021681702 3024.0 83
1772021685265 3024.0 84
1772021689180 3024.0 85
1772021691852 3024.0 86
1772021694422 3024.0 87
1772021696799 3024.0 88
1772021699291 3024.0 89
1772021701775 3024.0 90
1772021704234 3024.0 91
1772021707019 3024.0 92
1772021709519 3024.0 93
1772021712108 3024.0 94
1772021715007 3024.0 95
1772021718072 3024.0 96
1772021721001 3024.0 97
1772021723766 3024.0 98
1772021726231 3024.0 99
