1771768793952 3614.0 0
1771768795307 3614.0 1
1771768796701 3614.0 2
1771768798012 3614.0 3
1771768799387 3614.0 4
1771768801216 3614.0 5
1771768802500 3614.0 6
1771768803737 3614.0 7
1771768804959 3614.0 8
1771768806137 3614.0 9
1771768807297 3614.0 10
1771768808522 3614.0 11
1771768809703 3614.0 12
1771768810847 3614.0 13
1771768812014 3614.0 14
1771768813239 3614.0 15
1771768814410 3614.0 16
1771768815529 3614.0 17
1771768816636 3614.0 18
1771768817859 3614.0 19
1771768818994 3614.0 20
1771768820188 3614.0 21
1771768821337 3614.0 22
1771768822509 3614.0 23
1771768823721 3614.0 24
1771768824877 3614.0 25
1771768826007 3614.0 26
1771768827173 3614.0 27
1771768828404 3614.0 28
1771768829550 3614.0 29
1771768830687 3614.0 30
1771768831820 3614.0 31
1771768832993 3614.0 32
1771768834109 3614.0 33
1771768835273 3614.0 34
1771768836426 3614.0 35
1771768837626 3614.0 36
1771768838796 3614.0 37
1771768839978 3614.0 38
1771768841086 3614.0 39
1771768842255 3614.0 40
1771768843421 3614.0 41
1771768844562 3614.0 42
1771768845711 3614.0 43
1771768846885 3614.0 44
1771768848001 3614.0 45
1771768849110 3614.0 46
1771768850244 3614.0 47
1771768851405 3614.0 48
1771768852597 3614.0 49
1771768853749 3614.0 50
1771768854891 3614.0 51
1771768856059 3614.0 52
1771768857240 3614.0 53
1771768858374 3614.0 54
1771768859505 3614.0 55
1771768860635 3614.0 56
1771768861808 3614.0 57
1771768862948 3614.0 58
1771768864063 3614.0 59
1771768865201 3614.0 60
1771768866415 3614.0 61
1771768867579 3614.0 62
1771768868712 3614.0 63
1771768869865 3614.0 64
1771768871111 3614.0 65
1771768872254 3614.0 66
1771768873388 3614.0 67
1771768874525 3614.0 68
1771768875662 3614.0 69
1771768876888 3614.0 70
1771768878013 3614.0 71
1771768879142 3614.0 72
1771768880260 3614.0 73
1771768881459 3614.0 74
1771768882611 3614.0 75
1771768883732 3614.0 76
1771768884897 3614.0 77
1771768886077 3614.0 78
1771768887284 3614.0 79
1771768888455 3614.0 80
1771768889601 3614.0 81
1771768890742 3614.0 82
1771768891999 3614.0 83
1771768893167 3614.0 84
1771768894301 3614.0 85
1771768895439 3614.0 86
1771768896654 3614.0 87
1771768897795 3614.0 88
1771768898927 3614.0 89
1771768900073 3614.0 90
1771768901276 3614.0 91
1771768902565 3614.0 92
1771768903679 3614.0 93
1771768904835 3614.0 94
1771768905972 3614.0 95
1771768907216 3614.0 96
1771768908318 3614.0 97
1771768909447 3614.0 98
1771768910570 3614.0 99
