1761209480902 2075.0 0
1761209481479 2075.0 1
1761209482059 2075.0 2
1761209482648 1984.0 3
1761209483248 1975.0 4
1761209483840 1784.0 5
1761209484409 1784.0 6
1761209484985 1784.0 7
1761209485570 1784.0 8
1761209486149 1784.0 9
1761209486722 1781.0 10
1761209487310 1686.0 11
1761209487892 1586.0 12
1761209488473 1586.0 13
1761209489056 1586.0 14
1761209489631 1586.0 15
1761209490205 1486.0 16
1761209490780 1486.0 17
1761209491355 1486.0 18
1761209491943 1478.0 19
1761209492512 1478.0 20
1761209493091 1431.0 21
1761209493677 1430.0 22
1761209494280 1378.0 23
1761209494888 1378.0 24
1761209495476 1378.0 25
1761209496067 1378.0 26
1761209496653 1289.0 27
1761209497226 1189.0 28
1761209497819 1189.0 29
1761209498399 1189.0 30
1761209498988 1187.0 31
1761209499598 1187.0 32
1761209500175 1087.0 33
1761209500769 987.0 34
1761209501376 987.0 35
1761209501955 987.0 36
1761209502554 987.0 37
1761209503141 987.0 38
1761209503758 887.0 39
1761209504364 887.0 40
1761209504980 887.0 41
1761209505574 887.0 42
1761209506170 887.0 43
1761209506792 887.0 44
1761209507391 887.0 45
1761209507989 887.0 46
1761209508607 887.0 47
1761209509203 887.0 48
1761209509804 887.0 49
1761209510389 887.0 50
1761209510991 887.0 51
1761209511594 880.0 52
1761209512203 880.0 53
1761209512808 880.0 54
1761209513412 880.0 55
1761209514034 780.0 56
1761209514655 780.0 57
1761209515278 780.0 58
1761209515861 780.0 59
1761209516451 780.0 60
1761209517040 778.0 61
1761209517641 778.0 62
1761209518238 778.0 63
1761209518835 778.0 64
1761209519435 778.0 65
1761209520059 778.0 66
1761209520691 778.0 67
1761209521272 778.0 68
1761209521862 778.0 69
1761209522446 778.0 70
1761209523022 778.0 71
1761209523626 778.0 72
1761209524209 778.0 73
1761209524793 778.0 74
1761209525434 778.0 75
1761209526058 778.0 76
1761209526650 778.0 77
1761209527272 778.0 78
1761209527886 778.0 79
1761209528504 704.0 80
1761209529125 704.0 81
1761209529749 704.0 82
1761209530349 704.0 83
1761209530962 704.0 84
1761209531584 704.0 85
1761209532210 704.0 86
1761209532819 704.0 87
1761209533432 704.0 88
1761209534022 704.0 89
1761209534626 704.0 90
1761209535225 704.0 91
1761209535850 704.0 92
1761209536469 677.0 93
1761209537090 677.0 94
1761209537703 677.0 95
1761209538299 677.0 96
1761209538896 677.0 97
1761209539496 677.0 98
1761209540090 677.0 99
