1761205906868 3037.0 0
1761205907729 3037.0 1
1761205908595 2943.0 2
1761205909472 2831.0 3
1761205910332 2831.0 4
1761205911195 2831.0 5
1761205912080 2831.0 6
1761205912946 2831.0 7
1761205913823 2735.0 8
1761205914694 2635.0 9
1761205915570 2635.0 10
1761205916436 2535.0 11
1761205917302 2535.0 12
1761205918178 2535.0 13
1761205919045 2435.0 14
1761205919918 2435.0 15
1761205920792 2435.0 16
1761205921651 2327.0 17
1761205922513 2327.0 18
1761205923382 2327.0 19
1761205924259 2327.0 20
1761205925116 2327.0 21
1761205925985 2327.0 22
1761205926859 2327.0 23
1761205927731 2227.0 24
1761205928610 2127.0 25
1761205929496 2127.0 26
1761205930375 2127.0 27
1761205931228 2125.0 28
1761205932109 2125.0 29
1761205933005 2125.0 30
1761205933894 2125.0 31
1761205934760 2125.0 32
1761205935630 2125.0 33
1761205936509 2125.0 34
1761205937383 1925.0 35
1761205938258 1925.0 36
1761205939134 1925.0 37
1761205940031 1925.0 38
1761205940885 1919.0 39
1761205941744 1919.0 40
1761205942619 1919.0 41
1761205943502 1902.0 42
1761205944390 1902.0 43
1761205945299 1702.0 44
1761205946199 1702.0 45
1761205947076 1702.0 46
1761205947961 1602.0 47
1761205948838 1602.0 48
1761205949731 1602.0 49
1761205950608 1602.0 50
1761205951482 1602.0 51
1761205952371 1602.0 52
1761205953256 1602.0 53
1761205954131 1602.0 54
1761205955030 1602.0 55
1761205955932 1602.0 56
1761205956824 1602.0 57
1761205957705 1602.0 58
1761205958571 1602.0 59
1761205959465 1602.0 60
1761205960344 1602.0 61
1761205961224 1526.0 62
1761205962069 1526.0 63
1761205962960 1519.0 64
1761205963843 1519.0 65
1761205964716 1419.0 66
1761205965605 1419.0 67
1761205966469 1419.0 68
1761205967353 1419.0 69
1761205968222 1419.0 70
1761205969089 1419.0 71
1761205969965 1419.0 72
1761205970848 1419.0 73
1761205971729 1419.0 74
1761205972573 1419.0 75
1761205973474 1419.0 76
1761205974337 1419.0 77
1761205975198 1419.0 78
1761205976082 1419.0 79
1761205976956 1419.0 80
1761205977831 1419.0 81
1761205978672 1419.0 82
1761205979555 1419.0 83
1761205980421 1419.0 84
1761205981309 1419.0 85
1761205982170 1419.0 86
1761205983025 1419.0 87
1761205983887 1419.0 88
1761205984733 1419.0 89
1761205985594 1318.0 90
1761205986469 1318.0 91
1761205987342 1318.0 92
1761205988211 1318.0 93
1761205989089 1318.0 94
1761205989958 1318.0 95
1761205990845 1310.0 96
1761205991710 1310.0 97
1761205992591 1310.0 98
1761205993460 1310.0 99
