1761203259867 1727.0 0
1761203260273 1727.0 1
1761203260631 1727.0 2
1761203260996 1727.0 3
1761203261351 1727.0 4
1761203261701 1727.0 5
1761203262050 1727.0 6
1761203262401 1727.0 7
1761203262751 1727.0 8
1761203263110 1727.0 9
1761203263458 1727.0 10
1761203263806 1727.0 11
1761203264153 1727.0 12
1761203264509 1727.0 13
1761203264850 1727.0 14
1761203265196 1727.0 15
1761203265539 1727.0 16
1761203265890 1727.0 17
1761203266243 1727.0 18
1761203266599 1727.0 19
1761203266954 1727.0 20
1761203267303 1727.0 21
1761203267662 1727.0 22
1761203268010 1727.0 23
1761203268362 1727.0 24
1761203268712 1727.0 25
1761203269058 1727.0 26
1761203269401 1727.0 27
1761203269749 1727.0 28
1761203270108 1727.0 29
1761203270470 1727.0 30
1761203270835 1727.0 31
1761203271200 1727.0 32
1761203271543 1727.0 33
1761203271891 1727.0 34
1761203272243 1727.0 35
1761203272589 1727.0 36
1761203272938 1727.0 37
1761203273292 1727.0 38
1761203273627 1727.0 39
1761203273970 1727.0 40
1761203274313 1727.0 41
1761203274658 1727.0 42
1761203275006 1727.0 43
1761203275353 1727.0 44
1761203275702 1727.0 45
1761203276053 1727.0 46
1761203276397 1727.0 47
1761203276746 1727.0 48
1761203277093 1727.0 49
1761203277436 1727.0 50
1761203277779 1727.0 51
1761203278125 1727.0 52
1761203278469 1727.0 53
1761203278817 1727.0 54
1761203279160 1727.0 55
1761203279504 1727.0 56
1761203279853 1727.0 57
1761203280198 1727.0 58
1761203280547 1727.0 59
1761203280895 1727.0 60
1761203281247 1727.0 61
1761203281607 1727.0 62
1761203281958 1727.0 63
1761203282307 1727.0 64
1761203282650 1727.0 65
1761203282991 1727.0 66
1761203283334 1727.0 67
1761203283678 1727.0 68
1761203284020 1727.0 69
1761203284372 1727.0 70
1761203284715 1727.0 71
1761203285058 1727.0 72
1761203285403 1727.0 73
1761203285747 1727.0 74
1761203286093 1727.0 75
1761203286444 1727.0 76
1761203286785 1727.0 77
1761203287122 1727.0 78
1761203287474 1727.0 79
1761203287817 1727.0 80
1761203288168 1727.0 81
1761203288514 1727.0 82
1761203288853 1727.0 83
1761203289196 1727.0 84
1761203289538 1727.0 85
1761203289880 1727.0 86
1761203290222 1727.0 87
1761203290571 1727.0 88
1761203290905 1727.0 89
1761203291248 1727.0 90
1761203291596 1727.0 91
1761203291951 1727.0 92
1761203292315 1727.0 93
1761203292663 1727.0 94
1761203293016 1727.0 95
1761203293363 1727.0 96
1761203293706 1727.0 97
1761203294055 1727.0 98
1761203294396 1727.0 99
