1761268820239 3110.0 0
1761268821073 3108.0 1
1761268821933 3108.0 2
1761268822776 3108.0 3
1761268823624 3108.0 4
1761268824472 3108.0 5
1761268825316 3108.0 6
1761268826156 3100.0 7
1761268827022 3100.0 8
1761268827861 3100.0 9
1761268828707 3092.0 10
1761268829556 3051.0 11
1761268830404 3045.0 12
1761268831267 3045.0 13
1761268832109 3045.0 14
1761268832949 3045.0 15
1761268833828 2943.0 16
1761268834713 2939.0 17
1761268835563 2939.0 18
1761268836422 2939.0 19
1761268837279 2939.0 20
1761268838143 2939.0 21
1761268839003 2837.0 22
1761268839849 2737.0 23
1761268840701 2543.0 24
1761268841552 2543.0 25
1761268842380 2469.0 26
1761268843236 2469.0 27
1761268844082 2469.0 28
1761268844988 2369.0 29
1761268845845 2269.0 30
1761268846688 2269.0 31
1761268847561 2236.0 32
1761268848434 2236.0 33
1761268849306 2236.0 34
1761268850151 2236.0 35
1761268851003 2236.0 36
1761268851843 2236.0 37
1761268852702 2163.0 38
1761268853539 2158.0 39
1761268854393 2158.0 40
1761268855260 2158.0 41
1761268856117 2158.0 42
1761268856957 2158.0 43
1761268857807 2158.0 44
1761268858673 2058.0 45
1761268859519 2058.0 46
1761268860383 1958.0 47
1761268861222 1856.0 48
1761268862069 1855.0 49
1761268862911 1855.0 50
1761268863777 1655.0 51
1761268864618 1655.0 52
1761268865488 1548.0 53
1761268866346 1548.0 54
1761268867189 1548.0 55
1761268868038 1540.0 56
1761268868902 1540.0 57
1761268869743 1540.0 58
1761268870597 1540.0 59
1761268871448 1535.0 60
1761268872301 1433.0 61
1761268873132 1433.0 62
1761268873960 1433.0 63
1761268874817 1433.0 64
1761268875690 1412.0 65
1761268876551 1412.0 66
1761268877418 1307.0 67
1761268878248 1307.0 68
1761268879089 1307.0 69
1761268879927 1307.0 70
1761268880757 1307.0 71
1761268881610 1307.0 72
1761268882475 1305.0 73
1761268883315 1205.0 74
1761268884188 1205.0 75
1761268885030 1197.0 76
1761268885870 1197.0 77
1761268886712 1097.0 78
1761268887570 1097.0 79
1761268888410 1097.0 80
1761268889311 997.0 81
1761268890141 897.0 82
1761268890997 897.0 83
1761268891844 897.0 84
1761268892691 897.0 85
1761268893541 897.0 86
1761268894375 797.0 87
1761268895212 797.0 88
1761268896054 797.0 89
1761268896923 797.0 90
1761268897798 797.0 91
1761268898644 797.0 92
1761268899492 797.0 93
1761268900333 797.0 94
1761268901174 797.0 95
1761268902027 797.0 96
1761268902895 797.0 97
1761268903754 797.0 98
1761268904622 797.0 99
