1771383365385 21412.0 0
1771383371635 21412.0 1
1771383376655 21412.0 2
1771383381588 21412.0 3
1771383386401 21412.0 4
1771383391162 21412.0 5
1771383396028 21412.0 6
1771383400892 21412.0 7
1771383405653 21412.0 8
1771383410410 21412.0 9
1771383415290 21412.0 10
1771383420101 21412.0 11
1771383424932 21412.0 12
1771383429762 21412.0 13
1771383434633 21412.0 14
1771383439504 21412.0 15
1771383444314 21412.0 16
1771383449137 21412.0 17
1771383453930 21412.0 18
1771383458749 21412.0 19
1771383463356 21412.0 20
1771383468222 21412.0 21
1771383473001 21412.0 22
1771383477734 21412.0 23
1771383482661 21412.0 24
1771383487463 21412.0 25
1771383492250 21412.0 26
1771383496935 21412.0 27
1771383501936 21412.0 28
1771383506672 21412.0 29
1771383511493 21412.0 30
1771383516431 21412.0 31
1771383521160 21412.0 32
1771383526036 21412.0 33
1771383530896 21412.0 34
1771383535723 21412.0 35
1771383540526 21412.0 36
1771383545462 21412.0 37
1771383550156 21412.0 38
1771383555237 21412.0 39
1771383560187 21412.0 40
1771383565162 21412.0 41
1771383570104 21412.0 42
1771383574932 21412.0 43
1771383579676 21412.0 44
1771383584473 21412.0 45
1771383589340 21412.0 46
1771383594054 21412.0 47
1771383598860 21412.0 48
1771383603760 21412.0 49
1771383608560 21412.0 50
1771383613364 21412.0 51
1771383618145 21412.0 52
1771383622998 21412.0 53
1771383627772 21412.0 54
1771383632565 21412.0 55
1771383637309 21412.0 56
1771383642183 21412.0 57
1771383647002 21412.0 58
1771383651803 21412.0 59
1771383656750 21412.0 60
1771383661603 21412.0 61
1771383666465 21412.0 62
1771383671479 21412.0 63
1771383676319 21412.0 64
1771383681217 21412.0 65
1771383685963 21412.0 66
1771383690794 21412.0 67
1771383695466 21412.0 68
1771383700274 21412.0 69
1771383705111 21412.0 70
1771383709978 21412.0 71
1771383714866 21412.0 72
1771383719571 21412.0 73
1771383724309 21412.0 74
1771383729199 21412.0 75
1771383734003 21412.0 76
1771383738795 21412.0 77
1771383743669 21412.0 78
1771383748390 21412.0 79
1771383753230 21412.0 80
1771383758152 21412.0 81
1771383763033 21412.0 82
1771383767852 21412.0 83
1771383772673 21412.0 84
1771383777426 21412.0 85
1771383782290 21412.0 86
1771383787071 21412.0 87
1771383791914 21412.0 88
1771383796739 21412.0 89
1771383801568 21412.0 90
1771383806551 21412.0 91
1771383811468 21412.0 92
1771383816318 21412.0 93
1771383821111 21412.0 94
1771383825778 21412.0 95
1771383830489 21412.0 96
1771383835269 21412.0 97
1771383840135 21412.0 98
1771383845009 21412.0 99
