1761209540435 1835.0 0
1761209540847 1513.0 1
1761209541209 1120.0 2
1761209541572 819.0 3
1761209541946 805.0 4
1761209542313 703.0 5
1761209542685 696.0 6
1761209543053 694.0 7
1761209543423 594.0 8
1761209543799 594.0 9
1761209544171 594.0 10
1761209544543 594.0 11
1761209544924 594.0 12
1761209545344 594.0 13
1761209545727 494.0 14
1761209546097 494.0 15
1761209546472 494.0 16
1761209546849 487.0 17
1761209547222 394.0 18
1761209547607 394.0 19
1761209547998 394.0 20
1761209548387 393.0 21
1761209548778 384.0 22
1761209549175 378.0 23
1761209549572 378.0 24
1761209550012 378.0 25
1761209550394 378.0 26
1761209550790 378.0 27
1761209551183 373.0 28
1761209551571 373.0 29
1761209551945 373.0 30
1761209552323 373.0 31
1761209552692 373.0 32
1761209553067 373.0 33
1761209553451 373.0 34
1761209553832 373.0 35
1761209554216 373.0 36
1761209554652 373.0 37
1761209555046 373.0 38
1761209555424 373.0 39
1761209555812 371.0 40
1761209556207 371.0 41
1761209556586 371.0 42
1761209556950 371.0 43
1761209557323 371.0 44
1761209557682 371.0 45
1761209558044 371.0 46
1761209558413 371.0 47
1761209558772 371.0 48
1761209559188 371.0 49
1761209559546 371.0 50
1761209559912 371.0 51
1761209560276 371.0 52
1761209560642 371.0 53
1761209561010 371.0 54
1761209561385 371.0 55
1761209561748 370.0 56
1761209562119 370.0 57
1761209562489 370.0 58
1761209562849 370.0 59
1761209563207 370.0 60
1761209563615 370.0 61
1761209563981 370.0 62
1761209564343 370.0 63
1761209564710 370.0 64
1761209565076 364.0 65
1761209565430 364.0 66
1761209565783 364.0 67
1761209566139 364.0 68
1761209566494 364.0 69
1761209566845 364.0 70
1761209567206 364.0 71
1761209567552 364.0 72
1761209567961 364.0 73
1761209568310 364.0 74
1761209568665 364.0 75
1761209569006 364.0 76
1761209569361 364.0 77
1761209569707 364.0 78
1761209570053 364.0 79
1761209570401 364.0 80
1761209570748 364.0 81
1761209571095 364.0 82
1761209571443 364.0 83
1761209571796 364.0 84
1761209572190 364.0 85
1761209572547 364.0 86
1761209572894 364.0 87
1761209573232 364.0 88
1761209573579 264.0 89
1761209573931 264.0 90
1761209574284 264.0 91
1761209574644 264.0 92
1761209575000 264.0 93
1761209575362 264.0 94
1761209575722 264.0 95
1761209576070 264.0 96
1761209576487 264.0 97
1761209576847 264.0 98
1761209577217 264.0 99
