1761124473247 20826.0 0
1761124475175 19646.0 1
1761124477194 19524.0 2
1761124479137 18246.0 3
1761124481141 17750.0 4
1761124483179 17455.0 5
1761124485188 17355.0 6
1761124487174 17164.0 7
1761124489253 17164.0 8
1761124491312 17064.0 9
1761124493337 17064.0 10
1761124495345 16864.0 11
1761124497414 16764.0 12
1761124499444 16673.0 13
1761124501504 16573.0 14
1761124503608 16473.0 15
1761124505648 16373.0 16
1761124507700 16272.0 17
1761124509816 16272.0 18
1761124511892 16172.0 19
1761124513953 15972.0 20
1761124516085 15872.0 21
1761124518154 15772.0 22
1761124520200 15771.0 23
1761124522357 15671.0 24
1761124524417 15571.0 25
1761124526472 15566.0 26
1761124528586 15566.0 27
1761124530634 15466.0 28
1761124532701 15366.0 29
1761124534809 15359.0 30
1761124536856 15261.0 31
1761124538916 15161.0 32
1761124540975 15161.0 33
1761124543150 15153.0 34
1761124545219 15053.0 35
1761124547294 14953.0 36
1761124549438 14853.0 37
1761124551509 14853.0 38
1761124553645 14653.0 39
1761124555795 14553.0 40
1761124557857 14453.0 41
1761124559937 14453.0 42
1761124562081 14353.0 43
1761124564189 14253.0 44
1761124566246 14251.0 45
1761124568373 14151.0 46
1761124570456 14049.0 47
1761124572542 13949.0 48
1761124574735 13849.0 49
1761124576817 13757.0 50
1761124578895 13657.0 51
1761124581037 13657.0 52
1761124583116 13557.0 53
1761124585214 13457.0 54
1761124587284 13457.0 55
1761124589405 13449.0 56
1761124591463 13357.0 57
1761124593535 13349.0 58
1761124595692 13349.0 59
1761124597751 13249.0 60
1761124599818 13149.0 61
1761124601970 13049.0 62
1761124604065 13049.0 63
1761124606159 12949.0 64
1761124608302 12946.0 65
1761124610409 12946.0 66
1761124612497 12846.0 67
1761124614671 12846.0 68
1761124616754 12846.0 69
1761124618820 12746.0 70
1761124620971 12646.0 71
1761124623061 12546.0 72
1761124625196 12541.0 73
1761124627375 12446.0 74
1761124629471 12346.0 75
1761124631576 12341.0 76
1761124633698 12340.0 77
1761124635887 12328.0 78
1761124637975 12228.0 79
1761124640063 12128.0 80
1761124642208 12128.0 81
1761124644309 12028.0 82
1761124646447 12028.0 83
1761124648604 11928.0 84
1761124650702 11836.0 85
1761124652806 11833.0 86
1761124654974 11741.0 87
1761124657129 11736.0 88
1761124659246 11636.0 89
1761124661452 11636.0 90
1761124663578 11536.0 91
1761124665697 11436.0 92
1761124667947 11436.0 93
1761124670096 11343.0 94
1761124672245 11243.0 95
1761124674462 11243.0 96
1761124676630 11243.0 97
1761124678772 11143.0 98
1761124680923 11143.0 99
