1761207605223 2164.0 0
1761207605571 2164.0 1
1761207605853 2164.0 2
1761207606141 2164.0 3
1761207606437 2164.0 4
1761207606728 2164.0 5
1761207607018 2164.0 6
1761207607309 2164.0 7
1761207607601 2164.0 8
1761207607881 2164.0 9
1761207608164 2164.0 10
1761207608447 2164.0 11
1761207608728 2164.0 12
1761207609008 2164.0 13
1761207609287 2164.0 14
1761207609568 2164.0 15
1761207609861 2164.0 16
1761207610145 2164.0 17
1761207610426 2164.0 18
1761207610707 2164.0 19
1761207610989 2164.0 20
1761207611269 2164.0 21
1761207611551 2164.0 22
1761207611832 2164.0 23
1761207612110 2164.0 24
1761207612394 2164.0 25
1761207612678 2164.0 26
1761207612960 2164.0 27
1761207613243 2164.0 28
1761207613526 2164.0 29
1761207613807 2164.0 30
1761207614089 2164.0 31
1761207614371 2164.0 32
1761207614655 2164.0 33
1761207614937 2164.0 34
1761207615218 2164.0 35
1761207615506 2164.0 36
1761207615796 2164.0 37
1761207616083 2164.0 38
1761207616377 2164.0 39
1761207616667 2164.0 40
1761207616953 2164.0 41
1761207617239 2164.0 42
1761207617527 2164.0 43
1761207617810 2164.0 44
1761207618092 2164.0 45
1761207618380 2164.0 46
1761207618664 2164.0 47
1761207618952 2164.0 48
1761207619235 2164.0 49
1761207619527 2164.0 50
1761207619813 2164.0 51
1761207620096 2164.0 52
1761207620383 2164.0 53
1761207620668 2164.0 54
1761207620953 2164.0 55
1761207621233 2164.0 56
1761207621515 2164.0 57
1761207621801 2164.0 58
1761207622086 2164.0 59
1761207622372 2164.0 60
1761207622659 2164.0 61
1761207622941 2164.0 62
1761207623225 2164.0 63
1761207623512 2164.0 64
1761207623794 2164.0 65
1761207624082 2164.0 66
1761207624365 2164.0 67
1761207624647 2164.0 68
1761207624933 2164.0 69
1761207625216 2164.0 70
1761207625504 2164.0 71
1761207625801 2164.0 72
1761207626098 2164.0 73
1761207626386 2164.0 74
1761207626673 2164.0 75
1761207626967 2164.0 76
1761207627255 2164.0 77
1761207627550 2164.0 78
1761207627835 2164.0 79
1761207628114 2164.0 80
1761207628392 2164.0 81
1761207628674 2164.0 82
1761207628964 2164.0 83
1761207629251 2164.0 84
1761207629538 2164.0 85
1761207629823 2164.0 86
1761207630114 2164.0 87
1761207630404 2164.0 88
1761207630687 2164.0 89
1761207630973 2164.0 90
1761207631256 2164.0 91
1761207631545 2164.0 92
1761207631829 2164.0 93
1761207632117 2164.0 94
1761207632402 2164.0 95
1761207632686 2164.0 96
1761207632969 2164.0 97
1761207633251 2164.0 98
1761207633534 2164.0 99
