1761208038467 3223.0 0
1761208038914 2843.0 1
1761208039359 2339.0 2
1761208039821 2040.0 3
1761208040306 1738.0 4
1761208040768 1642.0 5
1761208041241 1540.0 6
1761208041755 1340.0 7
1761208042233 1340.0 8
1761208042709 1340.0 9
1761208043194 1334.0 10
1761208043666 1240.0 11
1761208044128 1234.0 12
1761208044598 1234.0 13
1761208045068 1234.0 14
1761208045584 1234.0 15
1761208046049 1134.0 16
1761208046526 1134.0 17
1761208046990 1134.0 18
1761208047449 1134.0 19
1761208047917 1134.0 20
1761208048374 1034.0 21
1761208048834 1026.0 22
1761208049340 926.0 23
1761208049797 926.0 24
1761208050240 926.0 25
1761208050690 926.0 26
1761208051144 926.0 27
1761208051590 918.0 28
1761208052041 918.0 29
1761208052477 918.0 30
1761208052913 918.0 31
1761208053408 910.0 32
1761208053841 910.0 33
1761208054265 910.0 34
1761208054696 910.0 35
1761208055117 909.0 36
1761208055548 902.0 37
1761208055974 902.0 38
1761208056393 902.0 39
1761208056858 902.0 40
1761208057276 902.0 41
1761208057690 900.0 42
1761208058114 900.0 43
1761208058529 900.0 44
1761208058950 900.0 45
1761208059379 895.0 46
1761208059795 895.0 47
1761208060265 895.0 48
1761208060692 895.0 49
1761208061122 895.0 50
1761208061552 895.0 51
1761208061987 895.0 52
1761208062420 893.0 53
1761208062839 793.0 54
1761208063264 791.0 55
1761208063727 791.0 56
1761208064136 791.0 57
1761208064547 791.0 58
1761208064958 791.0 59
1761208065379 791.0 60
1761208065808 791.0 61
1761208066229 791.0 62
1761208066637 791.0 63
1761208067044 791.0 64
1761208067518 791.0 65
1761208067924 789.0 66
1761208068346 789.0 67
1761208068758 789.0 68
1761208069166 789.0 69
1761208069589 789.0 70
1761208070002 689.0 71
1761208070421 689.0 72
1761208070879 689.0 73
1761208071297 687.0 74
1761208071706 687.0 75
1761208072118 687.0 76
1761208072537 687.0 77
1761208072954 687.0 78
1761208073375 687.0 79
1761208073784 687.0 80
1761208074249 687.0 81
1761208074663 687.0 82
1761208075082 687.0 83
1761208075490 687.0 84
1761208075900 687.0 85
1761208076310 687.0 86
1761208076721 587.0 87
1761208077146 587.0 88
1761208077612 587.0 89
1761208078035 587.0 90
1761208078459 587.0 91
1761208078883 587.0 92
1761208079304 587.0 93
1761208079721 587.0 94
1761208080146 587.0 95
1761208080571 587.0 96
1761208080991 587.0 97
1761208081463 495.0 98
1761208081891 495.0 99
