1761204470835 1418.0 0
1761204475201 1418.0 1
1761204479601 1418.0 2
1761204484088 1418.0 3
1761204488653 1418.0 4
1761204493335 1418.0 5
1761204497966 1418.0 6
1761204502684 1418.0 7
1761204507413 1418.0 8
1761204512227 1418.0 9
1761204517129 1418.0 10
1761204522019 1418.0 11
1761204526916 1418.0 12
1761204531850 1418.0 13
1761204536872 1418.0 14
1761204541883 1418.0 15
1761204547123 1418.0 16
1761204552268 1418.0 17
1761204557444 1418.0 18
1761204562937 1418.0 19
1761204568201 1418.0 20
1761204573533 1418.0 21
1761204578927 1418.0 22
1761204584310 1418.0 23
1761204589720 1418.0 24
1761204595169 1418.0 25
1761204600408 1418.0 26
1761204605656 1418.0 27
1761204610878 1418.0 28
1761204616017 1418.0 29
1761204621126 1418.0 30
1761204626273 1418.0 31
1761204631474 1418.0 32
1761204636881 1418.0 33
1761204642217 1418.0 34
1761204647461 1418.0 35
1761204652646 1418.0 36
1761204657799 1418.0 37
1761204663029 1418.0 38
1761204668194 1418.0 39
1761204673416 1418.0 40
1761204678585 1418.0 41
1761204683763 1418.0 42
1761204688932 1418.0 43
1761204694142 1418.0 44
1761204699296 1418.0 45
1761204704446 1418.0 46
1761204709599 1418.0 47
1761204714748 1418.0 48
1761204719800 1418.0 49
1761204724961 1418.0 50
1761204730069 1418.0 51
1761204735245 1418.0 52
1761204740371 1418.0 53
1761204745507 1418.0 54
1761204750708 1418.0 55
1761204755810 1418.0 56
1761204760936 1418.0 57
1761204766214 1418.0 58
1761204771350 1418.0 59
1761204776498 1418.0 60
1761204781684 1418.0 61
1761204786829 1418.0 62
1761204791914 1418.0 63
1761204797103 1418.0 64
1761204802273 1418.0 65
1761204807510 1418.0 66
1761204812646 1418.0 67
1761204817768 1418.0 68
1761204822930 1418.0 69
1761204828144 1418.0 70
1761204833311 1418.0 71
1761204838502 1418.0 72
1761204843620 1418.0 73
1761204848759 1418.0 74
1761204853902 1418.0 75
1761204859202 1418.0 76
1761204864470 1418.0 77
1761204869693 1418.0 78
1761204874841 1418.0 79
1761204880001 1418.0 80
1761204885250 1418.0 81
1761204890445 1418.0 82
1761204895668 1418.0 83
1761204900871 1418.0 84
1761204905998 1418.0 85
1761204911154 1418.0 86
1761204916343 1418.0 87
1761204921623 1418.0 88
1761204926793 1418.0 89
1761204931956 1418.0 90
1761204937141 1418.0 91
1761204942314 1418.0 92
1761204947511 1418.0 93
1761204952868 1418.0 94
1761204958059 1418.0 95
1761204963254 1418.0 96
1761204968413 1418.0 97
1761204973569 1418.0 98
1761204978793 1418.0 99
