1771816195327 3643.0 0
1771816218765 2924.0 1
1771816241318 2924.0 2
1771816261655 2924.0 3
1771816282310 2924.0 4
1771816303432 2672.0 5
1771816324439 2672.0 6
1771816346084 2672.0 7
1771816367892 2672.0 8
1771816389255 2672.0 9
1771816411112 2672.0 10
1771816440323 2672.0 11
1771816469984 2672.0 12
1771816500552 2672.0 13
1771816523279 2672.0 14
1771816545603 2672.0 15
1771816568605 2672.0 16
1771816595373 2672.0 17
1771816619442 2672.0 18
1771816647086 2672.0 19
1771816673688 2672.0 20
1771816699061 2672.0 21
1771816727242 2672.0 22
1771816755555 2672.0 23
1771816781801 2672.0 24
1771816810168 2672.0 25
1771816837447 2672.0 26
1771816863702 2672.0 27
1771816891702 2672.0 28
1771816918583 2672.0 29
1771816943650 2672.0 30
1771816968416 2672.0 31
1771816993113 2672.0 32
1771817017771 2672.0 33
1771817043450 2672.0 34
1771817067288 2672.0 35
1771817092961 2672.0 36
1771817116510 2672.0 37
1771817139452 2672.0 38
1771817168920 2672.0 39
1771817196778 2672.0 40
1771817224406 2672.0 41
1771817250962 2672.0 42
1771817275218 2672.0 43
1771817298969 2672.0 44
1771817324705 2672.0 45
1771817348180 2672.0 46
1771817370723 2672.0 47
1771817393301 2672.0 48
1771817417996 2672.0 49
1771817438865 2672.0 50
1771817462353 2672.0 51
1771817490278 2672.0 52
1771817513117 2672.0 53
1771817537558 2672.0 54
1771817560372 2672.0 55
1771817583652 2672.0 56
1771817605598 2672.0 57
1771817627975 2672.0 58
1771817653716 2672.0 59
1771817677758 2672.0 60
1771817702696 2672.0 61
1771817725344 2672.0 62
1771817749235 2672.0 63
1771817772077 2672.0 64
1771817796947 2672.0 65
1771817821337 2672.0 66
1771817844367 2672.0 67
1771817867233 2672.0 68
1771817888273 2672.0 69
1771817908863 2672.0 70
1771817929793 2672.0 71
1771817950787 2672.0 72
1771817973275 2672.0 73
1771818001184 2672.0 74
1771818024863 2672.0 75
1771818046659 2672.0 76
1771818068026 2672.0 77
1771818090644 2672.0 78
1771818109978 2672.0 79
1771818129196 2672.0 80
1771818148654 2672.0 81
1771818168012 2672.0 82
1771818187520 2672.0 83
1771818206592 2672.0 84
1771818225922 2672.0 85
1771818245149 2672.0 86
1771818264318 2672.0 87
1771818283611 2672.0 88
1771818303207 2672.0 89
1771818322441 2672.0 90
1771818345121 2672.0 91
1771818364794 2672.0 92
1771818384166 2672.0 93
1771818405869 2672.0 94
1771818425714 2672.0 95
1771818444959 2672.0 96
1771818464318 2672.0 97
1771818483787 2672.0 98
1771818503265 2672.0 99
