1761203644032 1681.0 0
1761203644383 1581.0 1
1761203644736 1390.0 2
1761203645082 987.0 3
1761203645436 880.0 4
1761203645783 775.0 5
1761203646125 770.0 6
1761203646458 767.0 7
1761203646783 762.0 8
1761203647159 762.0 9
1761203647481 762.0 10
1761203647804 762.0 11
1761203648131 762.0 12
1761203648444 762.0 13
1761203648770 762.0 14
1761203649089 662.0 15
1761203649406 662.0 16
1761203649726 662.0 17
1761203650095 562.0 18
1761203650414 562.0 19
1761203650735 562.0 20
1761203651052 562.0 21
1761203651370 548.0 22
1761203651689 548.0 23
1761203652001 548.0 24
1761203652321 548.0 25
1761203652636 548.0 26
1761203652961 548.0 27
1761203653332 548.0 28
1761203653653 548.0 29
1761203653974 546.0 30
1761203654287 546.0 31
1761203654605 546.0 32
1761203654923 546.0 33
1761203655240 546.0 34
1761203655550 446.0 35
1761203655864 446.0 36
1761203656227 446.0 37
1761203656540 446.0 38
1761203656849 446.0 39
1761203657164 446.0 40
1761203657471 446.0 41
1761203657784 446.0 42
1761203658091 446.0 43
1761203658401 446.0 44
1761203658710 446.0 45
1761203659076 446.0 46
1761203659389 446.0 47
1761203659703 446.0 48
1761203660008 446.0 49
1761203660321 446.0 50
1761203660628 444.0 51
1761203660942 436.0 52
1761203661252 436.0 53
1761203661557 436.0 54
1761203661852 436.0 55
1761203662205 436.0 56
1761203662503 436.0 57
1761203662808 436.0 58
1761203663110 436.0 59
1761203663417 436.0 60
1761203663721 436.0 61
1761203664024 436.0 62
1761203664336 436.0 63
1761203664647 436.0 64
1761203665005 436.0 65
1761203665311 436.0 66
1761203665617 436.0 67
1761203665921 436.0 68
1761203666221 436.0 69
1761203666530 436.0 70
1761203666833 436.0 71
1761203667140 436.0 72
1761203667442 436.0 73
1761203667746 436.0 74
1761203668101 436.0 75
1761203668400 436.0 76
1761203668706 436.0 77
1761203669002 436.0 78
1761203669300 436.0 79
1761203669598 436.0 80
1761203669900 436.0 81
1761203670203 436.0 82
1761203670501 436.0 83
1761203670857 436.0 84
1761203671160 436.0 85
1761203671464 436.0 86
1761203671771 436.0 87
1761203672074 436.0 88
1761203672374 436.0 89
1761203672675 436.0 90
1761203672981 436.0 91
1761203673284 436.0 92
1761203673588 436.0 93
1761203673948 436.0 94
1761203674255 436.0 95
1761203674553 436.0 96
1761203674853 436.0 97
1761203675153 436.0 98
1761203675463 436.0 99
