1771347785433 20882.0 0
1771347871780 20882.0 1
1771347958991 20882.0 2
1771348047704 20882.0 3
1771348138730 20882.0 4
1771348231106 20882.0 5
1771348323722 20722.0 6
1771348418943 20569.0 7
1771348515429 20569.0 8
1771348584952 20569.0 9
1771348642325 20569.0 10
1771348702389 20569.0 11
1771348761520 20569.0 12
1771348821119 20569.0 13
1771348880346 20569.0 14
1771348941004 20569.0 15
1771349002489 20569.0 16
1771349065074 20569.0 17
1771349128296 20569.0 18
1771349190619 20569.0 19
1771349253024 20569.0 20
1771349316379 20569.0 21
1771349379735 20569.0 22
1771349443656 20569.0 23
1771349507272 20569.0 24
1771349570282 20569.0 25
1771349634926 20569.0 26
1771349698388 20569.0 27
1771349761920 20569.0 28
1771349825603 20569.0 29
1771349889809 20569.0 30
1771349953935 20569.0 31
1771350017135 20569.0 32
1771350080940 20569.0 33
1771350144735 20569.0 34
1771350208446 20569.0 35
1771350273370 20569.0 36
1771350337507 20569.0 37
1771350400726 20569.0 38
1771350463952 20569.0 39
1771350527727 20569.0 40
1771350592223 20569.0 41
1771350656543 20569.0 42
1771350720334 20569.0 43
1771350784542 20569.0 44
1771350848803 20569.0 45
1771350913700 20569.0 46
1771350976598 20569.0 47
1771351039804 20569.0 48
1771351103120 20569.0 49
1771351166542 20569.0 50
1771351232528 20569.0 51
1771351297164 20569.0 52
1771351363145 20569.0 53
1771351428063 20569.0 54
1771351493306 20569.0 55
1771351560601 20569.0 56
1771351627555 20569.0 57
1771351693555 20569.0 58
1771351758715 20569.0 59
1771351822850 20569.0 60
1771351889142 20569.0 61
1771351953954 20569.0 62
1771352020061 20569.0 63
1771352084778 20569.0 64
1771352150728 20569.0 65
1771352216611 20569.0 66
1771352284927 20569.0 67
1771352350684 20569.0 68
1771352413988 20569.0 69
1771352477278 20569.0 70
1771352540392 20569.0 71
1771352604051 20569.0 72
1771352667954 20569.0 73
1771352731206 20569.0 74
1771352794621 20569.0 75
1771352858245 20569.0 76
1771352920992 20569.0 77
1771352983316 20569.0 78
1771353046430 20569.0 79
1771353109141 20569.0 80
1771353172352 20569.0 81
1771353235257 20569.0 82
1771353298165 20569.0 83
1771353361855 20569.0 84
1771353424954 20569.0 85
1771353487845 20569.0 86
1771353550358 20569.0 87
1771353613051 20569.0 88
1771353675645 20569.0 89
1771353738605 20569.0 90
1771353801507 20569.0 91
1771353865030 20569.0 92
1771353928210 20569.0 93
1771353991527 20569.0 94
1771354055554 20569.0 95
1771354119616 20569.0 96
1771354182997 20569.0 97
1771354246487 20569.0 98
1771354310227 20569.0 99
