1761210994045 3137.0 0
1761210994923 3137.0 1
1761210995801 3037.0 2
1761210996688 3037.0 3
1761210997557 3037.0 4
1761210998421 2937.0 5
1761210999295 2937.0 6
1761211000160 2937.0 7
1761211001020 2937.0 8
1761211001892 2744.0 9
1761211002773 2644.0 10
1761211003648 2544.0 11
1761211004528 2536.0 12
1761211005405 2536.0 13
1761211006289 2536.0 14
1761211007176 2536.0 15
1761211008055 2536.0 16
1761211008930 2436.0 17
1761211009796 2336.0 18
1761211010673 2336.0 19
1761211011549 2336.0 20
1761211012434 2336.0 21
1761211013326 2234.0 22
1761211014197 2134.0 23
1761211015088 2134.0 24
1761211015964 2134.0 25
1761211016876 2126.0 26
1761211017768 2126.0 27
1761211018636 2126.0 28
1761211019532 2121.0 29
1761211020414 2021.0 30
1761211021314 2021.0 31
1761211022173 2021.0 32
1761211023030 2021.0 33
1761211023899 2021.0 34
1761211024793 2021.0 35
1761211025681 2015.0 36
1761211026546 2015.0 37
1761211027434 2015.0 38
1761211028335 2015.0 39
1761211029212 2009.0 40
1761211030086 2009.0 41
1761211030958 2009.0 42
1761211031871 2009.0 43
1761211032744 2009.0 44
1761211033613 2009.0 45
1761211034466 2007.0 46
1761211035353 2007.0 47
1761211036246 1999.0 48
1761211037109 1907.0 49
1761211038014 1807.0 50
1761211038910 1707.0 51
1761211039817 1707.0 52
1761211040691 1607.0 53
1761211041575 1507.0 54
1761211042455 1402.0 55
1761211043332 1402.0 56
1761211044206 1402.0 57
1761211045091 1402.0 58
1761211045983 1402.0 59
1761211046859 1402.0 60
1761211047735 1402.0 61
1761211048640 1402.0 62
1761211049525 1402.0 63
1761211050400 1402.0 64
1761211051275 1402.0 65
1761211052137 1318.0 66
1761211053071 1312.0 67
1761211053965 1212.0 68
1761211054855 1212.0 69
1761211055767 1212.0 70
1761211056649 1212.0 71
1761211057529 1212.0 72
1761211058417 1212.0 73
1761211059315 1112.0 74
1761211060214 1112.0 75
1761211061091 1112.0 76
1761211061982 1112.0 77
1761211062857 1110.0 78
1761211063753 1110.0 79
1761211064623 1108.0 80
1761211065494 1108.0 81
1761211066371 1106.0 82
1761211067235 1106.0 83
1761211068105 1015.0 84
1761211068969 1015.0 85
1761211069857 1015.0 86
1761211070728 1015.0 87
1761211071588 1015.0 88
1761211072473 1015.0 89
1761211073342 1015.0 90
1761211074195 1015.0 91
1761211075058 1015.0 92
1761211075935 1015.0 93
1761211076796 1015.0 94
1761211077692 1015.0 95
1761211078568 1015.0 96
1761211079450 1015.0 97
1761211080345 1015.0 98
1761211081225 1015.0 99
