1761105785266 21664.0 0
1761105804619 20533.0 1
1761105824742 20533.0 2
1761105846297 20309.0 3
1761105867941 20309.0 4
1761105890000 20309.0 5
1761105912268 20309.0 6
1761105934865 20309.0 7
1761105958350 20309.0 8
1761105981901 20309.0 9
1761106005394 20309.0 10
1761106029039 20309.0 11
1761106052784 20309.0 12
1761106076697 20309.0 13
1761106100843 20309.0 14
1761106125006 20309.0 15
1761106149315 20309.0 16
1761106173838 20309.0 17
1761106198882 20309.0 18
1761106223774 20309.0 19
1761106248414 20309.0 20
1761106272984 20309.0 21
1761106297640 20309.0 22
1761106322344 20309.0 23
1761106346815 20309.0 24
1761106371196 20309.0 25
1761106395699 20309.0 26
1761106420336 20309.0 27
1761106445153 20309.0 28
1761106470840 20309.0 29
1761106495804 20309.0 30
1761106520216 20309.0 31
1761106544980 20309.0 32
1761106569740 20309.0 33
1761106594737 20309.0 34
1761106619417 20309.0 35
1761106643975 20309.0 36
1761106668534 20309.0 37
1761106693003 20309.0 38
1761106717481 20309.0 39
1761106742039 20309.0 40
1761106766709 20309.0 41
1761106791322 20309.0 42
1761106815987 20309.0 43
1761106840677 20309.0 44
1761106865255 20309.0 45
1761106889925 20309.0 46
1761106914577 20309.0 47
1761106939160 20309.0 48
1761106963643 20309.0 49
1761106988207 20309.0 50
1761107012788 20309.0 51
1761107037679 20309.0 52
1761107062312 20309.0 53
1761107086883 20309.0 54
1761107111443 20309.0 55
1761107136000 20309.0 56
1761107160716 20309.0 57
1761107185226 20309.0 58
1761107209836 20309.0 59
1761107234641 20309.0 60
1761107259301 20309.0 61
1761107283934 20309.0 62
1761107308386 20309.0 63
1761107332913 20309.0 64
1761107357776 20309.0 65
1761107383123 20309.0 66
1761107407764 20309.0 67
1761107432408 20309.0 68
1761107456980 20309.0 69
1761107481619 20309.0 70
1761107506340 20309.0 71
1761107531064 20309.0 72
1761107556059 20309.0 73
1761107580892 20309.0 74
1761107605644 20309.0 75
1761107630577 20309.0 76
1761107655581 20309.0 77
1761107680487 20309.0 78
1761107705423 20309.0 79
1761107730309 20309.0 80
1761107755106 20309.0 81
1761107780045 20309.0 82
1761107804853 20309.0 83
1761107829612 20309.0 84
1761107854410 20309.0 85
1761107879303 20309.0 86
1761107904148 20309.0 87
1761107929052 20309.0 88
1761107954054 20309.0 89
1761107978866 20309.0 90
1761108003850 20309.0 91
1761108028642 20309.0 92
1761108053530 20309.0 93
1761108078450 20309.0 94
1761108103372 20309.0 95
1761108128124 20309.0 96
1761108153050 20309.0 97
1761108177831 20309.0 98
1761108202408 20309.0 99
