1761272683122 2052.0 0
1761272683485 2052.0 1
1761272683776 2052.0 2
1761272684073 2052.0 3
1761272684365 2052.0 4
1761272684659 2052.0 5
1761272684956 2052.0 6
1761272685248 2052.0 7
1761272685541 2052.0 8
1761272685834 2052.0 9
1761272686128 2052.0 10
1761272686476 2052.0 11
1761272686769 2052.0 12
1761272687061 2052.0 13
1761272687357 2052.0 14
1761272687650 2052.0 15
1761272687943 2052.0 16
1761272688242 2052.0 17
1761272688545 2052.0 18
1761272688843 2052.0 19
1761272689156 2052.0 20
1761272689458 2052.0 21
1761272689762 2052.0 22
1761272690073 2052.0 23
1761272690377 2052.0 24
1761272690676 2052.0 25
1761272690979 2052.0 26
1761272691278 2052.0 27
1761272691580 2052.0 28
1761272691879 2052.0 29
1761272692175 2052.0 30
1761272692468 2052.0 31
1761272692762 2052.0 32
1761272693057 2052.0 33
1761272693349 2052.0 34
1761272693657 2052.0 35
1761272693951 2052.0 36
1761272694241 2052.0 37
1761272694534 2052.0 38
1761272694832 2052.0 39
1761272695126 2052.0 40
1761272695421 2052.0 41
1761272695719 2052.0 42
1761272696009 2052.0 43
1761272696308 2052.0 44
1761272696607 2052.0 45
1761272696901 2052.0 46
1761272697198 2052.0 47
1761272697496 2052.0 48
1761272697789 2052.0 49
1761272698084 2052.0 50
1761272698378 2052.0 51
1761272698673 2052.0 52
1761272698966 2052.0 53
1761272699258 2052.0 54
1761272699552 2052.0 55
1761272699842 2052.0 56
1761272700137 2052.0 57
1761272700431 2052.0 58
1761272700730 2052.0 59
1761272701022 2052.0 60
1761272701319 2052.0 61
1761272701613 2052.0 62
1761272701912 2052.0 63
1761272702210 2052.0 64
1761272702498 2052.0 65
1761272702793 2052.0 66
1761272703088 2052.0 67
1761272703382 2052.0 68
1761272703679 2052.0 69
1761272703976 2052.0 70
1761272704270 2052.0 71
1761272704570 2052.0 72
1761272704865 2052.0 73
1761272705160 2052.0 74
1761272705460 2052.0 75
1761272705761 2052.0 76
1761272706054 2052.0 77
1761272706352 2052.0 78
1761272706645 2052.0 79
1761272706938 2052.0 80
1761272707229 2052.0 81
1761272707525 2052.0 82
1761272707819 2052.0 83
1761272708111 2052.0 84
1761272708402 2052.0 85
1761272708697 2052.0 86
1761272708995 2052.0 87
1761272709293 2052.0 88
1761272709590 2052.0 89
1761272709894 2052.0 90
1761272710190 2052.0 91
1761272710485 2052.0 92
1761272710779 2052.0 93
1761272711076 2052.0 94
1761272711376 2052.0 95
1761272711672 2052.0 96
1761272711970 2052.0 97
1761272712264 2052.0 98
1761272712559 2052.0 99
