1765927668840 20474.0 0
1765927689947 19611.0 1
1765927711868 18617.0 2
1765927733930 17914.0 3
1765927756075 17107.0 4
1765927778110 16806.0 5
1765927800237 16306.0 6
1765927822783 16213.0 7
1765927845493 16012.0 8
1765927868072 15812.0 9
1765927891227 15712.0 10
1765927914212 15516.0 11
1765927937739 15414.0 12
1765927961231 15314.0 13
1765927984722 15116.0 14
1765928008718 15016.0 15
1765928033012 14903.0 16
1765928056770 14803.0 17
1765928080690 14703.0 18
1765928104673 14597.0 19
1765928130829 14397.0 20
1765928155795 14297.0 21
1765928179605 14197.0 22
1765928203588 14091.0 23
1765928227479 13991.0 24
1765928251327 13891.0 25
1765928275350 13791.0 26
1765928299465 13591.0 27
1765928323942 13491.0 28
1765928348153 13391.0 29
1765928372670 13291.0 30
1765928397006 13191.0 31
1765928421451 13089.0 32
1765928445668 12983.0 33
1765928470059 12883.0 34
1765928494224 12683.0 35
1765928517971 12583.0 36
1765928542307 12483.0 37
1765928566577 12383.0 38
1765928590694 12276.0 39
1765928614707 12176.0 40
1765928639350 12076.0 41
1765928663527 11976.0 42
1765928687417 11876.0 43
1765928711734 11775.0 44
1765928735906 11675.0 45
1765928760281 11575.0 46
1765928784699 11375.0 47
1765928810051 11275.0 48
1765928835493 11175.0 49
1765928865152 11075.0 50
1765928889427 10875.0 51
1765928916398 10777.0 52
1765928941584 10677.0 53
1765928965994 10577.0 54
1765928992892 10566.0 55
1765929019051 10466.0 56
1765929044641 10366.0 57
1765929068900 10257.0 58
1765929093156 10157.0 59
1765929117327 10055.0 60
1765929141631 9955.0 61
1765929165774 9855.0 62
1765929189625 9755.0 63
1765929214205 9655.0 64
1765929238339 9555.0 65
1765929262494 9455.0 66
1765929286952 9355.0 67
1765929310828 9255.0 68
1765929334861 9153.0 69
1765929358821 9053.0 70
1765929382990 8953.0 71
1765929407012 8853.0 72
1765929430968 8653.0 73
1765929455084 8547.0 74
1765929479314 8442.0 75
1765929502925 8342.0 76
1765929526729 8340.0 77
1765929551190 8240.0 78
1765929575015 8140.0 79
1765929599103 8040.0 80
1765929623151 7938.0 81
1765929647112 7838.0 82
1765929671047 7738.0 83
1765929694763 7638.0 84
1765929718472 7538.0 85
1765929742662 7438.0 86
1765929766660 7338.0 87
1765929791066 7238.0 88
1765929815315 7230.0 89
1765929840153 7130.0 90
1765929864464 7028.0 91
1765929888592 6930.0 92
1765929912785 6924.0 93
1765929937222 6924.0 94
1765929961331 6824.0 95
1765929985396 6731.0 96
1765930009635 6632.0 97
1765930033897 6622.0 98
1765930058324 6529.0 99
1765930082679 6439.0 100
1765930107514 6339.0 101
1765930131973 6241.0 102
1765930156641 6233.0 103
1765930182459 6133.0 104
1765930208231 6128.0 105
1765930233297 6033.0 106
1765930260747 5933.0 107
1765930289370 5926.0 108
1765930314020 5840.0 109
1765930338635 5740.0 110
1765930363676 5648.0 111
1765930391026 5553.0 112
1765930416593 5460.0 113
1765930442386 5360.0 114
1765930468909 5267.0 115
1765930494887 5167.0 116
1765930520534 5159.0 117
1765930546287 5059.0 118
1765930571944 5059.0 119
1765930610920 4959.0 120
1765930666516 4951.0 121
1765930722973 4851.0 122
1765930748097 4751.0 123
1765930773508 4653.0 124
1765930799469 4553.0 125
1765930825862 4453.0 126
1765930852909 4361.0 127
1765930879695 4354.0 128
1765930909504 4254.0 129
1765930935980 4252.0 130
1765930962156 4158.0 131
1765930989199 4156.0 132
1765931015748 4056.0 133
1765931042797 3956.0 134
1765931069602 3856.0 135
1765931096312 3848.0 136
1765931123141 3843.0 137
1765931150088 3748.0 138
1765931176853 3741.0 139
1765931204142 3652.0 140
1765931230978 3637.0 141
1765931258570 3630.0 142
1765931285119 3623.0 143
1765931311993 3523.0 144
1765931338652 3523.0 145
1765931365789 3430.0 146
1765931392818 3423.0 147
1765931419878 3323.0 148
1765931447166 3311.0 149
1765931474235 3311.0 150
1765931501400 3309.0 151
1765931528443 3307.0 152
1765931556064 3209.0 153
1765931583550 3204.0 154
1765931611352 3202.0 155
1765931639213 3104.0 156
1765931667045 3104.0 157
1765931694360 3102.0 158
1765931721633 3100.0 159
1765931749228 3100.0 160
1765931776941 3098.0 161
1765931804532 3089.0 162
1765931832137 3012.0 163
1765931859854 3003.0 164
1765931886973 3002.0 165
1765931914479 2903.0 166
1765931941842 2902.0 167
1765931969544 2802.0 168
1765931996832 2800.0 169
1765932024592 2794.0 170
1765932051958 2792.0 171
1765932079161 2694.0 172
1765932106522 2692.0 173
1765932134006 2594.0 174
1765932161587 2592.0 175
1765932189129 2592.0 176
1765932216806 2492.0 177
1765932244845 2492.0 178
1765932272985 2492.0 179
1765932301073 2486.0 180
1765932328853 2486.0 181
1765932356499 2481.0 182
1765932384151 2481.0 183
1765932412125 2474.0 184
1765932439883 2472.0 185
1765932467872 2467.0 186
1765932495804 2465.0 187
1765932523636 2463.0 188
1765932551207 2457.0 189
1765932577649 2455.0 190
1765932603098 2455.0 191
1765932628694 2455.0 192
1765932654016 2455.0 193
1765932679158 2455.0 194
1765932704418 2453.0 195
1765932729832 2352.0 196
1765932755703 2254.0 197
1765932780948 2254.0 198
1765932806739 2252.0 199
1765932832374 2248.0 200
1765932857938 2233.0 201
1765932883221 2231.0 202
1765932908767 2231.0 203
1765932934192 2229.0 204
1765932959755 2229.0 205
1765932985196 2217.0 206
1765933010967 2215.0 207
1765933036499 2213.0 208
1765933061970 2213.0 209
1765933087202 2213.0 210
1765933113129 2213.0 211
1765933138301 2213.0 212
1765933163626 2208.0 213
1765933188969 2203.0 214
1765933214137 2203.0 215
1765933239723 2203.0 216
1765933265192 2203.0 217
1765933290554 2103.0 218
1765933315868 2103.0 219
1765933341421 2103.0 220
1765933366803 2003.0 221
1765933392234 2003.0 222
1765933418015 2003.0 223
1765933444337 2003.0 224
1765933470164 2000.0 225
1765933495660 2000.0 226
1765933521464 2000.0 227
1765933546785 2000.0 228
1765933572464 1909.0 229
1765933598312 1909.0 230
1765933624095 1909.0 231
1765933649936 1909.0 232
1765933675770 1909.0 233
1765933701712 1902.0 234
1765933727660 1900.0 235
1765933753414 1900.0 236
1765933779338 1900.0 237
1765933804832 1900.0 238
1765933830702 1900.0 239
1765933856626 1800.0 240
1765933882682 1800.0 241
1765933908624 1800.0 242
1765933934301 1800.0 243
1765933960210 1798.0 244
1765933986046 1798.0 245
1765934012373 1798.0 246
1765934038478 1798.0 247
1765934064777 1796.0 248
1765934090681 1696.0 249
1765934116343 1696.0 250
1765934142330 1696.0 251
1765934168448 1696.0 252
1765934194562 1696.0 253
1765934220668 1696.0 254
1765934246699 1694.0 255
1765934272725 1694.0 256
1765934298773 1692.0 257
1765934324511 1692.0 258
1765934350350 1599.0 259
1765934376592 1499.0 260
1765934402633 1499.0 261
1765934428864 1499.0 262
1765934455025 1499.0 263
1765934481382 1499.0 264
1765934507130 1499.0 265
1765934533412 1499.0 266
1765934559806 1499.0 267
1765934585935 1499.0 268
1765934612011 1499.0 269
1765934638618 1499.0 270
1765934664851 1499.0 271
1765934691182 1499.0 272
1765934717495 1499.0 273
1765934743761 1499.0 274
1765934769816 1499.0 275
1765934796306 1499.0 276
1765934822656 1499.0 277
1765934848864 1499.0 278
1765934875118 1499.0 279
1765934901026 1499.0 280
1765934927099 1499.0 281
1765934953086 1499.0 282
1765934979509 1499.0 283
1765935005800 1499.0 284
1765935032258 1499.0 285
1765935058230 1499.0 286
1765935084469 1499.0 287
1765935110494 1499.0 288
1765935136548 1499.0 289
1765935162753 1499.0 290
1765935188964 1499.0 291
1765935215004 1499.0 292
1765935241445 1499.0 293
1765935267203 1499.0 294
1765935293258 1499.0 295
1765935319288 1499.0 296
1765935345343 1499.0 297
1765935371384 1499.0 298
1765935397419 1499.0 299
1765935423450 1499.0 300
1765935449533 1499.0 301
1765935475251 1499.0 302
1765935501026 1499.0 303
1765935526750 1499.0 304
1765935552774 1499.0 305
1765935578947 1499.0 306
1765935605111 1499.0 307
1765935631222 1499.0 308
1765935657172 1499.0 309
1765935683185 1498.0 310
1765935709468 1492.0 311
1765935735022 1492.0 312
1765935760930 1492.0 313
1765935786650 1492.0 314
1765935812545 1392.0 315
1765935839157 1392.0 316
1765935865690 1392.0 317
1765935892202 1292.0 318
1765935918506 1276.0 319
1765935944719 1276.0 320
1765935970956 1276.0 321
1765935998198 1276.0 322
1765936024855 1276.0 323
1765936052708 1276.0 324
1765936085096 1276.0 325
1765936112564 1276.0 326
1765936139154 1276.0 327
1765936165339 1276.0 328
1765936191650 1276.0 329
1765936217956 1276.0 330
1765936244488 1276.0 331
1765936271063 1276.0 332
1765936297466 1276.0 333
1765936324297 1276.0 334
1765936350365 1276.0 335
1765936376709 1276.0 336
1765936403064 1276.0 337
1765936429582 1276.0 338
1765936456642 1276.0 339
1765936483267 1276.0 340
1765936509648 1276.0 341
1765936536182 1276.0 342
1765936562938 1276.0 343
1765936589877 1276.0 344
1765936616567 1276.0 345
1765936643317 1276.0 346
1765936670146 1276.0 347
1765936696760 1276.0 348
1765936723330 1276.0 349
1765936749924 1276.0 350
1765936776217 1276.0 351
1765936802445 1276.0 352
1765936829195 1276.0 353
1765936855708 1276.0 354
1765936882307 1276.0 355
1765936908906 1276.0 356
1765936935553 1276.0 357
1765936962218 1276.0 358
1765936988869 1276.0 359
1765937019164 1176.0 360
1765937048825 1176.0 361
1765937077703 1176.0 362
1765937106205 1176.0 363
1765937134895 1176.0 364
1765937163517 1176.0 365
1765937192249 1176.0 366
1765937221095 1176.0 367
1765937250136 1176.0 368
1765937279118 1176.0 369
1765937308173 1176.0 370
1765937336940 1176.0 371
1765937365683 1176.0 372
1765937394227 1176.0 373
1765937423159 1176.0 374
1765937452064 1176.0 375
1765937480846 1176.0 376
1765937509367 1176.0 377
1765937538389 1176.0 378
1765937567898 1176.0 379
1765937597613 1176.0 380
1765937626732 1176.0 381
1765937655915 1176.0 382
1765937688268 1176.0 383
1765937717410 1176.0 384
1765937746449 1176.0 385
1765937775324 1176.0 386
1765937804297 1176.0 387
1765937833217 1176.0 388
1765937862430 1176.0 389
1765937891613 1176.0 390
1765937920619 1176.0 391
1765937950095 1176.0 392
1765937979395 1176.0 393
1765938008410 1176.0 394
1765938037796 1176.0 395
1765938066610 1176.0 396
1765938095559 1176.0 397
1765938124322 1176.0 398
1765938153564 1176.0 399
1765938182680 1176.0 400
1765938212116 1176.0 401
1765938241063 1176.0 402
1765938270140 1176.0 403
1765938299204 1176.0 404
1765938328535 1176.0 405
1765938357647 1176.0 406
1765938386779 1176.0 407
1765938415707 1176.0 408
1765938444777 1176.0 409
1765938473857 1176.0 410
1765938502785 1176.0 411
1765938531899 1176.0 412
1765938561341 1176.0 413
1765938589629 1176.0 414
1765938616090 1176.0 415
1765938643940 1176.0 416
1765938673177 1176.0 417
1765938702456 1176.0 418
1765938731729 1176.0 419
1765938761095 1176.0 420
1765938789963 1176.0 421
1765938819431 1176.0 422
1765938849110 1176.0 423
1765938878465 1176.0 424
1765938908110 1176.0 425
1765938937017 1176.0 426
1765938966234 1176.0 427
1765938995543 1176.0 428
1765939024923 1176.0 429
1765939054257 1176.0 430
1765939083667 1176.0 431
1765939113237 1176.0 432
1765939142405 1176.0 433
1765939171882 1176.0 434
1765939201092 1176.0 435
1765939230373 1176.0 436
1765939259587 1176.0 437
1765939288874 1176.0 438
1765939318050 1176.0 439
1765939347505 1176.0 440
1765939376817 1176.0 441
1765939405966 1176.0 442
1765939435287 1176.0 443
1765939465110 1176.0 444
1765939494364 1176.0 445
1765939523529 1176.0 446
1765939554125 1176.0 447
1765939583703 1176.0 448
1765939612774 1176.0 449
1765939642287 1176.0 450
1765939671387 1078.0 451
1765939700696 1078.0 452
1765939730057 1078.0 453
1765939759265 1078.0 454
1765939788563 1078.0 455
1765939818011 1078.0 456
1765939847398 1078.0 457
1765939876208 1078.0 458
1765939905370 1078.0 459
1765939933941 1078.0 460
1765939963058 1078.0 461
1765939992349 1078.0 462
1765940022820 1078.0 463
1765940054329 1078.0 464
1765940090181 1078.0 465
1765940127411 1078.0 466
1765940176926 1078.0 467
1765940226011 1078.0 468
1765940270401 1078.0 469
1765940314482 1078.0 470
1765940361296 1078.0 471
1765940398224 1078.0 472
1765940428618 1071.0 473
1765940460489 1071.0 474
1765940494525 1071.0 475
1765940530988 1071.0 476
1765940571613 1071.0 477
1765940608745 1071.0 478
1765940646353 1071.0 479
1765940679908 1071.0 480
1765940713825 1071.0 481
1765940741407 1071.0 482
1765940768716 1071.0 483
1765940797507 1071.0 484
1765940825010 1071.0 485
1765940853551 1071.0 486
1765940884872 1071.0 487
1765940914169 1071.0 488
1765940942648 1071.0 489
1765940970037 1071.0 490
1765940996875 1071.0 491
1765941024102 1071.0 492
1765941051333 1071.0 493
1765941078451 1071.0 494
1765941109085 1071.0 495
1765941139167 1071.0 496
1765941166404 1071.0 497
1765941193657 1071.0 498
1765941221051 1071.0 499
