1771347146277 20873.0 0
1771347154322 20873.0 1
1771347160722 20873.0 2
1771347167164 20873.0 3
1771347173024 20873.0 4
1771347178821 20873.0 5
1771347184472 20873.0 6
1771347190444 20873.0 7
1771347196259 20873.0 8
1771347201984 20873.0 9
1771347207921 20873.0 10
1771347213693 20873.0 11
1771347219295 20873.0 12
1771347225359 20873.0 13
1771347231046 20873.0 14
1771347236814 20873.0 15
1771347242442 20873.0 16
1771347248232 20873.0 17
1771347254047 20873.0 18
1771347260130 20873.0 19
1771347265996 20873.0 20
1771347271754 20873.0 21
1771347277507 20873.0 22
1771347283298 20873.0 23
1771347289077 20873.0 24
1771347295020 20873.0 25
1771347300647 20873.0 26
1771347306477 20873.0 27
1771347312350 20873.0 28
1771347318281 20873.0 29
1771347324064 20873.0 30
1771347329856 20873.0 31
1771347335465 20873.0 32
1771347343276 20873.0 33
1771347350161 20873.0 34
1771347355274 20873.0 35
1771347361077 20873.0 36
1771347366843 20873.0 37
1771347372257 20873.0 38
1771347377253 20873.0 39
1771347382668 20873.0 40
1771347389418 20873.0 41
1771347396151 20873.0 42
1771347401943 20873.0 43
1771347407737 20873.0 44
1771347413359 20873.0 45
1771347418978 20873.0 46
1771347424628 20873.0 47
1771347430192 20873.0 48
1771347435888 20873.0 49
1771347441689 20873.0 50
1771347447061 20873.0 51
1771347452735 20873.0 52
1771347458504 20873.0 53
1771347464153 20873.0 54
1771347469832 20873.0 55
1771347475567 20873.0 56
1771347481065 20873.0 57
1771347486787 20873.0 58
1771347492473 20873.0 59
1771347498147 20873.0 60
1771347503707 20873.0 61
1771347509444 20873.0 62
1771347515105 20873.0 63
1771347520686 20873.0 64
1771347526326 20873.0 65
1771347531847 20873.0 66
1771347537486 20873.0 67
1771347543146 20873.0 68
1771347548894 20873.0 69
1771347554600 20873.0 70
1771347560094 20873.0 71
1771347565810 20873.0 72
1771347571517 20873.0 73
1771347577257 20873.0 74
1771347583021 20873.0 75
1771347588644 20873.0 76
1771347594310 20873.0 77
1771347600111 20873.0 78
1771347605873 20873.0 79
1771347611759 20873.0 80
1771347617343 20873.0 81
1771347623133 20873.0 82
1771347628790 20873.0 83
1771347634419 20873.0 84
1771347640050 20873.0 85
1771347645460 20873.0 86
1771347651090 20873.0 87
1771347656681 20873.0 88
1771347662371 20873.0 89
1771347667937 20873.0 90
1771347673651 20873.0 91
1771347679291 20873.0 92
1771347684873 20873.0 93
1771347690543 20873.0 94
1771347696271 20873.0 95
1771347702848 20873.0 96
1771347709075 20873.0 97
1771347714271 20873.0 98
1771347719460 20873.0 99
