1771757776768 2712.0 0
1771757798810 2712.0 1
1771757821017 2712.0 2
1771757843728 2712.0 3
1771757867068 2523.0 4
1771757890722 2523.0 5
1771757915131 2523.0 6
1771757940260 2523.0 7
1771757965864 2523.0 8
1771757991431 2523.0 9
1771758017850 2523.0 10
1771758044158 2523.0 11
1771758071305 2523.0 12
1771758098319 2523.0 13
1771758125103 2523.0 14
1771758151456 2523.0 15
1771758177949 2523.0 16
1771758205074 2523.0 17
1771758232119 2523.0 18
1771758259012 2523.0 19
1771758286172 2523.0 20
1771758313562 2523.0 21
1771758341399 2523.0 22
1771758369450 2523.0 23
1771758397438 2523.0 24
1771758425700 2523.0 25
1771758453900 2523.0 26
1771758482414 2523.0 27
1771758510950 2523.0 28
1771758539420 2523.0 29
1771758567535 2523.0 30
1771758595672 2523.0 31
1771758623710 2523.0 32
1771758652004 2523.0 33
1771758680454 2523.0 34
1771758708169 2523.0 35
1771758735670 2523.0 36
1771758763427 2523.0 37
1771758791464 2523.0 38
1771758819623 2523.0 39
1771758848358 2523.0 40
1771758876594 2523.0 41
1771758905012 2523.0 42
1771758933337 2523.0 43
1771758961285 2523.0 44
1771758989419 2523.0 45
1771759015177 2523.0 46
1771759040390 2523.0 47
1771759065608 2523.0 48
1771759090652 2523.0 49
1771759116115 2523.0 50
1771759141724 2523.0 51
1771759167251 2523.0 52
1771759192711 2523.0 53
1771759218057 2523.0 54
1771759242911 2523.0 55
1771759268940 2523.0 56
1771759294637 2523.0 57
1771759320466 2523.0 58
1771759345706 2523.0 59
1771759370499 2523.0 60
1771759395662 2523.0 61
1771759421610 2523.0 62
1771759446902 2523.0 63
1771759473201 2523.0 64
1771759499257 2523.0 65
1771759524807 2523.0 66
1771759550522 2523.0 67
1771759575962 2523.0 68
1771759603170 2523.0 69
1771759629235 2523.0 70
1771759659620 2523.0 71
1771759688646 2523.0 72
1771759716702 2523.0 73
1771759745257 2523.0 74
1771759774023 2523.0 75
1771759802901 2523.0 76
1771759831693 2523.0 77
1771759860318 2523.0 78
1771759889183 2523.0 79
1771759917876 2523.0 80
1771759946490 2523.0 81
1771759975122 2523.0 82
1771760003701 2523.0 83
1771760031779 2523.0 84
1771760060746 2523.0 85
1771760089518 2523.0 86
1771760118064 2523.0 87
1771760146671 2523.0 88
1771760174906 2523.0 89
1771760203776 2523.0 90
1771760232624 2523.0 91
1771760261120 2523.0 92
1771760290128 2523.0 93
1771760319214 2523.0 94
1771760347514 2523.0 95
1771760376234 2523.0 96
1771760405353 2523.0 97
1771760434416 2523.0 98
1771760463416 2523.0 99
