1761198637590 2075.0 0
1761198638166 2075.0 1
1761198638750 2075.0 2
1761198639337 2075.0 3
1761198639929 1975.0 4
1761198640513 1975.0 5
1761198641108 1975.0 6
1761198641701 1975.0 7
1761198642289 1975.0 8
1761198642886 1975.0 9
1761198643482 1875.0 10
1761198644061 1873.0 11
1761198644657 1873.0 12
1761198645260 1873.0 13
1761198645846 1864.0 14
1761198646427 1864.0 15
1761198647025 1864.0 16
1761198647622 1864.0 17
1761198648215 1864.0 18
1761198648793 1781.0 19
1761198649377 1764.0 20
1761198649959 1764.0 21
1761198650534 1759.0 22
1761198651120 1759.0 23
1761198651703 1664.0 24
1761198652275 1664.0 25
1761198652891 1664.0 26
1761198653481 1664.0 27
1761198654059 1659.0 28
1761198654641 1575.0 29
1761198655241 1453.0 30
1761198655858 1453.0 31
1761198656461 1451.0 32
1761198657061 1451.0 33
1761198657662 1373.0 34
1761198658252 1373.0 35
1761198658848 1373.0 36
1761198659430 1373.0 37
1761198660016 1373.0 38
1761198660607 1373.0 39
1761198661219 1251.0 40
1761198661790 1151.0 41
1761198662380 1051.0 42
1761198662974 1051.0 43
1761198663569 1051.0 44
1761198664161 851.0 45
1761198664753 851.0 46
1761198665353 851.0 47
1761198665946 851.0 48
1761198666543 749.0 49
1761198667144 749.0 50
1761198667734 749.0 51
1761198668327 749.0 52
1761198668910 749.0 53
1761198669511 749.0 54
1761198670076 749.0 55
1761198670668 749.0 56
1761198671243 749.0 57
1761198671840 749.0 58
1761198672432 749.0 59
1761198673030 749.0 60
1761198673615 749.0 61
1761198674202 749.0 62
1761198674790 749.0 63
1761198675391 749.0 64
1761198675989 749.0 65
1761198676587 749.0 66
1761198677175 749.0 67
1761198677770 749.0 68
1761198678373 749.0 69
1761198678965 749.0 70
1761198679549 749.0 71
1761198680145 749.0 72
1761198680737 749.0 73
1761198681337 749.0 74
1761198681938 749.0 75
1761198682505 749.0 76
1761198683102 749.0 77
1761198683737 749.0 78
1761198684332 749.0 79
1761198684948 749.0 80
1761198685550 749.0 81
1761198686172 749.0 82
1761198686790 749.0 83
1761198687411 749.0 84
1761198688020 749.0 85
1761198688618 749.0 86
1761198689223 749.0 87
1761198689833 749.0 88
1761198690426 749.0 89
1761198691034 749.0 90
1761198691642 749.0 91
1761198692237 749.0 92
1761198692845 749.0 93
1761198693462 749.0 94
1761198694052 749.0 95
1761198694631 749.0 96
1761198695210 749.0 97
1761198695784 749.0 98
1761198696373 749.0 99
