1771389909482 21084.0 0
1771389918346 21076.0 1
1771389927242 21076.0 2
1771389936078 21038.0 3
1771389944920 20838.0 4
1771389953625 20738.0 5
1771389962672 20738.0 6
1771389971574 20730.0 7
1771389980386 20730.0 8
1771389989345 20730.0 9
1771389998316 20630.0 10
1771390007343 20630.0 11
1771390016234 20630.0 12
1771390025267 20630.0 13
1771390033890 20530.0 14
1771390042611 20530.0 15
1771390051187 20430.0 16
1771390059777 20330.0 17
1771390068375 20330.0 18
1771390077121 20322.0 19
1771390086296 20222.0 20
1771390095346 20222.0 21
1771390104632 20222.0 22
1771390113598 20122.0 23
1771390122300 20078.0 24
1771390130955 20078.0 25
1771390139613 20021.0 26
1771390148203 19878.0 27
1771390156737 19878.0 28
1771390165510 19721.0 29
1771390174136 19521.0 30
1771390182740 19521.0 31
1771390191324 19513.0 32
1771390199922 19513.0 33
1771390208618 19419.0 34
1771390217470 19326.0 35
1771390226013 19326.0 36
1771390234625 19219.0 37
1771390243240 19219.0 38
1771390251953 19219.0 39
1771390260694 19021.0 40
1771390269331 19021.0 41
1771390277992 19021.0 42
1771390286841 18926.0 43
1771390295408 18817.0 44
1771390304067 18817.0 45
1771390312730 18812.0 46
1771390321426 18763.0 47
1771390330164 18512.0 48
1771390338849 18412.0 49
1771390347514 18412.0 50
1771390356344 18412.0 51
1771390365021 18412.0 52
1771390373694 18335.0 53
1771390382344 18310.0 54
1771390391064 18210.0 55
1771390399827 18135.0 56
1771390408621 18135.0 57
1771390417310 18030.0 58
1771390426180 18030.0 59
1771390434944 17930.0 60
1771390443664 17930.0 61
1771390452471 17921.0 62
1771390461283 17921.0 63
1771390470131 17910.0 64
1771390479032 17710.0 65
1771390487763 17710.0 66
1771390496719 17535.0 67
1771390505520 17435.0 68
1771390514347 17435.0 69
1771390523135 17427.0 70
1771390531978 17427.0 71
1771390540884 17227.0 72
1771390549757 17219.0 73
1771390558602 17116.0 74
1771390567680 16915.0 75
1771390576469 16715.0 76
1771390585417 16715.0 77
1771390594292 16629.0 78
1771390603237 16429.0 79
1771390612087 16245.0 80
1771390621025 16245.0 81
1771390629968 16245.0 82
1771390638842 16245.0 83
1771390647660 16145.0 84
1771390656519 16145.0 85
1771390665385 16145.0 86
1771390674409 16145.0 87
1771390683308 16137.0 88
1771390692233 16137.0 89
1771390701114 16137.0 90
1771390709974 16037.0 91
1771390718815 16037.0 92
1771390727653 16037.0 93
1771390736563 15937.0 94
1771390745459 15837.0 95
1771390754499 15837.0 96
1771390763305 15835.0 97
1771390772160 15735.0 98
1771390780945 15635.0 99
