1771400888101 21442.0 0
1771400897246 21342.0 1
1771400906378 21171.0 2
1771400915576 21042.0 3
1771400924791 21042.0 4
1771400933842 20876.0 5
1771400942936 20867.0 6
1771400952013 20636.0 7
1771400961396 20636.0 8
1771400970670 20636.0 9
1771400979920 20636.0 10
1771400989025 20560.0 11
1771400998239 20442.0 12
1771401007543 20442.0 13
1771401016768 20164.0 14
1771401025899 19864.0 15
1771401035070 19764.0 16
1771401044462 19764.0 17
1771401053838 19757.0 18
1771401063084 19567.0 19
1771401072360 19567.0 20
1771401081677 19567.0 21
1771401090880 19567.0 22
1771401100169 19467.0 23
1771401109349 19467.0 24
1771401118626 19367.0 25
1771401127766 19367.0 26
1771401137109 19367.0 27
1771401146385 19267.0 28
1771401155567 19168.0 29
1771401164814 18968.0 30
1771401174002 18968.0 31
1771401183368 18968.0 32
1771401192707 18875.0 33
1771401202026 18782.0 34
1771401211276 18782.0 35
1771401220717 18680.0 36
1771401230060 18678.0 37
1771401239474 18678.0 38
1771401248831 18378.0 39
1771401258161 18378.0 40
1771401267407 18378.0 41
1771401276615 18378.0 42
1771401285824 18371.0 43
1771401295178 18371.0 44
1771401304195 18371.0 45
1771401312953 18216.0 46
1771401321818 18216.0 47
1771401330709 18116.0 48
1771401339518 18116.0 49
1771401348383 18016.0 50
1771401357060 17918.0 51
1771401365780 17718.0 52
1771401374575 17618.0 53
1771401383250 17518.0 54
1771401392234 17518.0 55
1771401401289 17518.0 56
1771401410030 17418.0 57
1771401418797 17418.0 58
1771401427800 17418.0 59
1771401436585 17418.0 60
1771401445571 17418.0 61
1771401454428 17418.0 62
1771401463204 17418.0 63
1771401472101 17418.0 64
1771401480860 17418.0 65
1771401489665 17418.0 66
1771401498471 17416.0 67
1771401507202 17408.0 68
1771401515885 17401.0 69
1771401524669 17401.0 70
1771401533505 17401.0 71
1771401542270 17301.0 72
1771401551115 17201.0 73
1771401560040 17101.0 74
1771401568791 17101.0 75
1771401577599 17101.0 76
1771401586383 17101.0 77
1771401595153 17001.0 78
1771401603998 17001.0 79
1771401612986 16994.0 80
1771401622184 16994.0 81
1771401631039 16994.0 82
1771401639998 16994.0 83
1771401649218 16894.0 84
1771401658165 16894.0 85
1771401667171 16894.0 86
1771401676345 16694.0 87
1771401685545 16694.0 88
1771401694494 16594.0 89
1771401703458 16594.0 90
1771401712448 16494.0 91
1771401721363 16494.0 92
1771401730388 16494.0 93
1771401739691 16394.0 94
1771401748767 16394.0 95
1771401757706 16394.0 96
1771401766763 16394.0 97
1771401775830 16294.0 98
1771401784916 16094.0 99
