1771760467231 3628.0 0
1771760469504 3525.0 1
1771760471828 3525.0 2
1771760474161 3425.0 3
1771760476476 3325.0 4
1771760478825 3325.0 5
1771760481227 3238.0 6
1771760483550 3140.0 7
1771760485831 3140.0 8
1771760488122 3140.0 9
1771760490623 3040.0 10
1771760492974 2940.0 11
1771760495273 2840.0 12
1771760497596 2840.0 13
1771760499895 2740.0 14
1771760502189 2740.0 15
1771760504486 2740.0 16
1771760506959 2640.0 17
1771760509284 2640.0 18
1771760511531 2638.0 19
1771760513825 2538.0 20
1771760516236 2538.0 21
1771760518546 2538.0 22
1771760520908 2538.0 23
1771760523233 2430.0 24
1771760525584 2430.0 25
1771760527948 2430.0 26
1771760530222 2330.0 27
1771760532574 2330.0 28
1771760534861 2325.0 29
1771760537206 2325.0 30
1771760539542 2325.0 31
1771760541832 2325.0 32
1771760544157 2325.0 33
1771760546405 2225.0 34
1771760548770 2125.0 35
1771760551134 2125.0 36
1771760553459 2125.0 37
1771760555755 2027.0 38
1771760558237 1827.0 39
1771760560554 1827.0 40
1771760562818 1827.0 41
1771760565094 1827.0 42
1771760567466 1827.0 43
1771760569778 1827.0 44
1771760572010 1827.0 45
1771760574311 1727.0 46
1771760576724 1727.0 47
1771760579140 1727.0 48
1771760581398 1727.0 49
1771760583688 1725.0 50
1771760586018 1725.0 51
1771760588325 1625.0 52
1771760590573 1625.0 53
1771760592823 1625.0 54
1771760595183 1625.0 55
1771760597450 1625.0 56
1771760599919 1625.0 57
1771760602228 1625.0 58
1771760604578 1625.0 59
1771760606859 1625.0 60
1771760609216 1625.0 61
1771760611562 1625.0 62
1771760613899 1625.0 63
1771760616252 1625.0 64
1771760618661 1625.0 65
1771760620977 1625.0 66
1771760623237 1625.0 67
1771760625483 1625.0 68
1771760627819 1625.0 69
1771760630169 1625.0 70
1771760632544 1625.0 71
1771760634804 1625.0 72
1771760637185 1625.0 73
1771760639542 1625.0 74
1771760641840 1625.0 75
1771760644045 1625.0 76
1771760646320 1625.0 77
1771760648591 1625.0 78
1771760650931 1625.0 79
1771760653169 1625.0 80
1771760655606 1625.0 81
1771760657837 1625.0 82
1771760660080 1625.0 83
1771760662359 1530.0 84
1771760664664 1528.0 85
1771760666984 1528.0 86
1771760669259 1528.0 87
1771760671595 1528.0 88
1771760673977 1528.0 89
1771760676264 1528.0 90
1771760678562 1528.0 91
1771760680924 1528.0 92
1771760683218 1528.0 93
1771760685484 1528.0 94
1771760687732 1528.0 95
1771760690062 1528.0 96
1771760692533 1495.0 97
1771760694762 1495.0 98
1771760696997 1495.0 99
