1761275617198 3231.0 0
1761275617621 3231.0 1
1761275617967 3231.0 2
1761275618315 3231.0 3
1761275618666 3231.0 4
1761275619014 3231.0 5
1761275619362 3231.0 6
1761275619706 3231.0 7
1761275620059 3231.0 8
1761275620403 3231.0 9
1761275620760 3231.0 10
1761275621114 3231.0 11
1761275621467 3231.0 12
1761275621817 3231.0 13
1761275622165 3231.0 14
1761275622519 3231.0 15
1761275622872 3231.0 16
1761275623229 3231.0 17
1761275623580 3231.0 18
1761275623927 3231.0 19
1761275624270 3231.0 20
1761275624616 3231.0 21
1761275624961 3231.0 22
1761275625315 3231.0 23
1761275625742 3231.0 24
1761275626151 3231.0 25
1761275626582 3231.0 26
1761275626973 3231.0 27
1761275627384 3231.0 28
1761275627789 3231.0 29
1761275628178 3231.0 30
1761275628568 3231.0 31
1761275628975 3231.0 32
1761275629372 3231.0 33
1761275629768 3231.0 34
1761275630248 3231.0 35
1761275630675 3231.0 36
1761275631111 3231.0 37
1761275631533 3231.0 38
1761275631915 3231.0 39
1761275632348 3231.0 40
1761275632802 3231.0 41
1761275633179 3231.0 42
1761275633575 3231.0 43
1761275634022 3231.0 44
1761275634486 3231.0 45
1761275634897 3231.0 46
1761275635339 3231.0 47
1761275635785 3231.0 48
1761275636226 3231.0 49
1761275636642 3231.0 50
1761275637077 3231.0 51
1761275637507 3231.0 52
1761275637937 3231.0 53
1761275638362 3231.0 54
1761275638787 3231.0 55
1761275639282 3231.0 56
1761275639688 3231.0 57
1761275640107 3231.0 58
1761275640518 3231.0 59
1761275640976 3231.0 60
1761275641380 3231.0 61
1761275641805 3231.0 62
1761275642193 3231.0 63
1761275642569 3231.0 64
1761275642999 3231.0 65
1761275643459 3231.0 66
1761275643893 3231.0 67
1761275644335 3231.0 68
1761275644772 3231.0 69
1761275645184 3231.0 70
1761275645600 3231.0 71
1761275646002 3231.0 72
1761275646430 3231.0 73
1761275646867 3231.0 74
1761275647250 3231.0 75
1761275647672 3231.0 76
1761275648113 3231.0 77
1761275648532 3231.0 78
1761275648931 3231.0 79
1761275649370 3231.0 80
1761275649802 3231.0 81
1761275650243 3231.0 82
1761275650649 3231.0 83
1761275651142 3231.0 84
1761275651575 3231.0 85
1761275651963 3231.0 86
1761275652411 3231.0 87
1761275652866 3231.0 88
1761275653282 3231.0 89
1761275653705 3231.0 90
1761275654153 3231.0 91
1761275654579 3231.0 92
1761275655000 3231.0 93
1761275655430 3231.0 94
1761275655931 3231.0 95
1761275656371 3231.0 96
1761275656815 3231.0 97
1761275657248 3231.0 98
1761275657625 3231.0 99
