1761210162908 1877.0 0
1761210167208 1877.0 1
1761210171583 1697.0 2
1761210176027 1494.0 3
1761210180519 1494.0 4
1761210185209 1494.0 5
1761210189814 1494.0 6
1761210194508 1494.0 7
1761210199210 1494.0 8
1761210204003 1494.0 9
1761210208887 1494.0 10
1761210213778 1494.0 11
1761210218655 1494.0 12
1761210223599 1494.0 13
1761210228527 1494.0 14
1761210233485 1494.0 15
1761210238563 1494.0 16
1761210243573 1494.0 17
1761210248603 1494.0 18
1761210253631 1494.0 19
1761210258669 1494.0 20
1761210263728 1494.0 21
1761210268850 1494.0 22
1761210273915 1494.0 23
1761210279068 1494.0 24
1761210284141 1494.0 25
1761210289200 1494.0 26
1761210294322 1494.0 27
1761210299428 1494.0 28
1761210304466 1494.0 29
1761210309581 1494.0 30
1761210314632 1494.0 31
1761210319716 1494.0 32
1761210324866 1494.0 33
1761210329969 1494.0 34
1761210335199 1494.0 35
1761210340572 1494.0 36
1761210345846 1494.0 37
1761210351172 1494.0 38
1761210356386 1494.0 39
1761210361558 1494.0 40
1761210366708 1494.0 41
1761210371899 1494.0 42
1761210377066 1494.0 43
1761210382294 1494.0 44
1761210387476 1494.0 45
1761210392656 1494.0 46
1761210397811 1494.0 47
1761210402975 1494.0 48
1761210408170 1494.0 49
1761210413364 1494.0 50
1761210418555 1494.0 51
1761210423708 1494.0 52
1761210428864 1494.0 53
1761210434086 1494.0 54
1761210439298 1494.0 55
1761210444454 1494.0 56
1761210449625 1494.0 57
1761210454804 1494.0 58
1761210460001 1494.0 59
1761210465150 1494.0 60
1761210470224 1494.0 61
1761210475340 1494.0 62
1761210480447 1494.0 63
1761210485499 1494.0 64
1761210490594 1494.0 65
1761210495795 1494.0 66
1761210500867 1494.0 67
1761210506005 1494.0 68
1761210511187 1494.0 69
1761210516312 1494.0 70
1761210521426 1494.0 71
1761210526569 1494.0 72
1761210531585 1494.0 73
1761210536686 1494.0 74
1761210541778 1494.0 75
1761210546867 1494.0 76
1761210552060 1494.0 77
1761210557187 1494.0 78
1761210562335 1494.0 79
1761210567498 1494.0 80
1761210572622 1494.0 81
1761210577790 1494.0 82
1761210583007 1494.0 83
1761210588205 1494.0 84
1761210593370 1494.0 85
1761210598525 1494.0 86
1761210603697 1494.0 87
1761210608878 1494.0 88
1761210614034 1494.0 89
1761210619196 1494.0 90
1761210624325 1494.0 91
1761210629418 1494.0 92
1761210634560 1494.0 93
1761210639773 1494.0 94
1761210644951 1494.0 95
1761210650156 1494.0 96
1761210655340 1494.0 97
1761210660520 1494.0 98
1761210665707 1494.0 99
