1771925865453 2764.0 0
1771925866681 2551.0 1
1771925867987 1866.0 2
1771925869282 1852.0 3
1771925870525 1652.0 4
1771925871941 1552.0 5
1771925873263 1452.0 6
1771925874556 1444.0 7
1771925875879 1344.0 8
1771925877158 1344.0 9
1771925878534 1344.0 10
1771925879837 1344.0 11
1771925881084 1244.0 12
1771925882487 1242.0 13
1771925883707 1136.0 14
1771925884899 1136.0 15
1771925886196 1136.0 16
1771925887497 1136.0 17
1771925888890 1136.0 18
1771925890122 1136.0 19
1771925891345 1136.0 20
1771925892719 1136.0 21
1771925893934 1135.0 22
1771925895155 1035.0 23
1771925896508 1035.0 24
1771925897786 935.0 25
1771925899252 935.0 26
1771925900514 835.0 27
1771925901769 835.0 28
1771925903136 828.0 29
1771925904362 828.0 30
1771925905604 828.0 31
1771925906937 828.0 32
1771925908188 728.0 33
1771925909420 728.0 34
1771925910791 728.0 35
1771925912013 728.0 36
1771925913396 628.0 37
1771925914650 628.0 38
1771925915871 628.0 39
1771925917164 628.0 40
1771925918405 628.0 41
1771925919676 622.0 42
1771925920989 622.0 43
1771925922184 622.0 44
1771925923495 622.0 45
1771925924669 622.0 46
1771925925872 622.0 47
1771925927171 622.0 48
1771925928369 622.0 49
1771925929676 622.0 50
1771925930987 622.0 51
1771925932205 614.0 52
1771925933497 614.0 53
1771925934695 614.0 54
1771925935881 614.0 55
1771925937361 614.0 56
1771925938555 614.0 57
1771925939881 614.0 58
1771925941200 614.0 59
1771925942384 614.0 60
1771925943559 514.0 61
1771925944869 514.0 62
1771925946067 507.0 63
1771925947342 507.0 64
1771925948527 507.0 65
1771925949797 507.0 66
1771925951043 507.0 67
1771925952184 507.0 68
1771925953411 507.0 69
1771925954694 507.0 70
1771925955891 499.0 71
1771925957138 499.0 72
1771925958269 499.0 73
1771925959507 499.0 74
1771925960750 499.0 75
1771925961906 499.0 76
1771925963036 499.0 77
1771925964288 499.0 78
1771925965494 499.0 79
1771925966821 499.0 80
1771925967985 499.0 81
1771925969143 499.0 82
1771925970433 499.0 83
1771925971562 499.0 84
1771925972687 499.0 85
1771925973918 499.0 86
1771925975111 499.0 87
1771925976305 493.0 88
1771925977566 493.0 89
1771925978731 493.0 90
1771925980059 493.0 91
1771925981262 493.0 92
1771925982425 484.0 93
1771925983649 484.0 94
1771925984783 484.0 95
1771925986006 484.0 96
1771925987278 484.0 97
1771925988429 484.0 98
1771925989694 484.0 99
