1761204652910 2164.0 0
1761204653495 1979.0 1
1761204654065 1879.0 2
1761204654641 1879.0 3
1761204655213 1879.0 4
1761204655801 1774.0 5
1761204656383 1774.0 6
1761204656967 1774.0 7
1761204657554 1774.0 8
1761204658146 1774.0 9
1761204658736 1774.0 10
1761204659333 1774.0 11
1761204659919 1677.0 12
1761204660506 1677.0 13
1761204661094 1677.0 14
1761204661681 1677.0 15
1761204662264 1677.0 16
1761204662841 1677.0 17
1761204663427 1677.0 18
1761204663999 1677.0 19
1761204664564 1577.0 20
1761204665149 1477.0 21
1761204665731 1468.0 22
1761204666316 1468.0 23
1761204666899 1468.0 24
1761204667479 1458.0 25
1761204668060 1458.0 26
1761204668655 1458.0 27
1761204669241 1458.0 28
1761204669817 1458.0 29
1761204670416 1458.0 30
1761204671011 1360.0 31
1761204671607 1260.0 32
1761204672193 1260.0 33
1761204672785 1260.0 34
1761204673383 1260.0 35
1761204673977 1260.0 36
1761204674561 1260.0 37
1761204675131 1260.0 38
1761204675718 1260.0 39
1761204676299 1260.0 40
1761204676884 1260.0 41
1761204677454 1260.0 42
1761204678023 1260.0 43
1761204678609 1260.0 44
1761204679195 1260.0 45
1761204679766 1260.0 46
1761204680346 1260.0 47
1761204680918 1260.0 48
1761204681477 1260.0 49
1761204682053 1260.0 50
1761204682620 1260.0 51
1761204683208 1260.0 52
1761204683776 1260.0 53
1761204684354 1260.0 54
1761204684937 1260.0 55
1761204685519 1260.0 56
1761204686081 1260.0 57
1761204686650 1260.0 58
1761204687216 1260.0 59
1761204687783 1260.0 60
1761204688360 1260.0 61
1761204688928 1260.0 62
1761204689512 1260.0 63
1761204690095 1260.0 64
1761204690690 1260.0 65
1761204691278 1260.0 66
1761204691857 1260.0 67
1761204692443 1260.0 68
1761204693016 1260.0 69
1761204693607 1260.0 70
1761204694191 1245.0 71
1761204694770 1245.0 72
1761204695354 1245.0 73
1761204695949 1183.0 74
1761204696531 1183.0 75
1761204697110 1183.0 76
1761204697684 1145.0 77
1761204698257 1145.0 78
1761204698844 1145.0 79
1761204699435 1145.0 80
1761204700025 972.0 81
1761204700611 965.0 82
1761204701206 965.0 83
1761204701791 965.0 84
1761204702379 965.0 85
1761204702968 765.0 86
1761204703539 765.0 87
1761204704135 765.0 88
1761204704723 765.0 89
1761204705307 765.0 90
1761204705887 763.0 91
1761204706468 655.0 92
1761204707041 655.0 93
1761204707629 655.0 94
1761204708228 655.0 95
1761204708814 655.0 96
1761204709467 655.0 97
1761204710066 655.0 98
1761204710670 655.0 99
