1771561733104 20435.0 0
1771561744498 20435.0 1
1771561754967 20435.0 2
1771561765496 20435.0 3
1771561775900 20435.0 4
1771561786234 20435.0 5
1771561796738 20435.0 6
1771561807134 20435.0 7
1771561818110 20435.0 8
1771561829134 20435.0 9
1771561840216 20435.0 10
1771561850916 20435.0 11
1771561861349 20435.0 12
1771561871656 20435.0 13
1771561881809 20435.0 14
1771561892211 20435.0 15
1771561902755 20435.0 16
1771561912985 20435.0 17
1771561923562 20435.0 18
1771561934078 20435.0 19
1771561944467 20435.0 20
1771561954800 20435.0 21
1771561965311 20435.0 22
1771561975728 20435.0 23
1771561986247 20435.0 24
1771561996941 20435.0 25
1771562008452 20435.0 26
1771562018640 20435.0 27
1771562028945 20435.0 28
1771562039290 20435.0 29
1771562049718 20435.0 30
1771562060075 20435.0 31
1771562070337 20435.0 32
1771562080490 20435.0 33
1771562090685 20435.0 34
1771562101029 20435.0 35
1771562111201 20435.0 36
1771562121458 20435.0 37
1771562131553 20435.0 38
1771562141743 20435.0 39
1771562151950 20435.0 40
1771562162144 20435.0 41
1771562172565 20435.0 42
1771562182750 20435.0 43
1771562192900 20435.0 44
1771562203403 20435.0 45
1771562213657 20435.0 46
1771562224066 20435.0 47
1771562234359 20435.0 48
1771562244631 20435.0 49
1771562254692 20435.0 50
1771562264803 20435.0 51
1771562275065 20435.0 52
1771562285299 20435.0 53
1771562295459 20435.0 54
1771562305849 20435.0 55
1771562315982 20435.0 56
1771562326263 20435.0 57
1771562336494 20435.0 58
1771562346847 20435.0 59
1771562357238 20435.0 60
1771562367567 20435.0 61
1771562377797 20435.0 62
1771562389437 20435.0 63
1771562399760 20435.0 64
1771562410008 20435.0 65
1771562420317 20435.0 66
1771562430593 20435.0 67
1771562440689 20435.0 68
1771562450967 20435.0 69
1771562461405 20435.0 70
1771562471778 20435.0 71
1771562481981 20435.0 72
1771562492152 20435.0 73
1771562502059 20435.0 74
1771562512202 20435.0 75
1771562522498 20435.0 76
1771562532695 20435.0 77
1771562542858 20435.0 78
1771562553133 20435.0 79
1771562563232 20435.0 80
1771562573493 20435.0 81
1771562584066 20435.0 82
1771562594276 20435.0 83
1771562604567 20435.0 84
1771562614659 20435.0 85
1771562624901 20435.0 86
1771562635288 20435.0 87
1771562645575 20435.0 88
1771562655822 20435.0 89
1771562666160 20435.0 90
1771562676302 20435.0 91
1771562686605 20435.0 92
1771562696804 20435.0 93
1771562706922 20435.0 94
1771562717244 20435.0 95
1771562727440 20435.0 96
1771562737475 20435.0 97
1771562747878 20435.0 98
1771562758042 20435.0 99
