1761105590013 20949.0 0
1761105592031 20949.0 1
1761105593898 20949.0 2
1761105595759 20949.0 3
1761105597572 20949.0 4
1761105599392 20949.0 5
1761105601187 20949.0 6
1761105602988 20949.0 7
1761105604809 20949.0 8
1761105606622 20949.0 9
1761105608424 20949.0 10
1761105610233 20949.0 11
1761105612030 20949.0 12
1761105613841 20949.0 13
1761105615686 20949.0 14
1761105617482 20949.0 15
1761105619283 20949.0 16
1761105621086 20949.0 17
1761105622895 20949.0 18
1761105624698 20949.0 19
1761105626546 20949.0 20
1761105628350 20949.0 21
1761105630157 20949.0 22
1761105631971 20949.0 23
1761105633769 20949.0 24
1761105635577 20949.0 25
1761105637432 20949.0 26
1761105639251 20949.0 27
1761105641067 20949.0 28
1761105642869 20949.0 29
1761105644693 20949.0 30
1761105646493 20949.0 31
1761105648334 20949.0 32
1761105650143 20949.0 33
1761105651957 20949.0 34
1761105653767 20949.0 35
1761105655578 20949.0 36
1761105657415 20949.0 37
1761105659259 20949.0 38
1761105661063 20949.0 39
1761105662875 20949.0 40
1761105664670 20949.0 41
1761105666476 20949.0 42
1761105668329 20949.0 43
1761105670153 20949.0 44
1761105671963 20949.0 45
1761105673785 20949.0 46
1761105675608 20949.0 47
1761105677433 20949.0 48
1761105679352 20949.0 49
1761105681217 20949.0 50
1761105683053 20949.0 51
1761105684871 20949.0 52
1761105686638 20949.0 53
1761105688377 20949.0 54
1761105690177 20949.0 55
1761105691943 20949.0 56
1761105693680 20949.0 57
1761105695453 20949.0 58
1761105697222 20949.0 59
1761105698969 20949.0 60
1761105700777 20949.0 61
1761105702542 20949.0 62
1761105704293 20949.0 63
1761105706054 20949.0 64
1761105707777 20949.0 65
1761105709512 20949.0 66
1761105711319 20949.0 67
1761105713054 20949.0 68
1761105714800 20949.0 69
1761105716575 20949.0 70
1761105718383 20949.0 71
1761105720256 20949.0 72
1761105722132 20949.0 73
1761105723988 20949.0 74
1761105725820 20949.0 75
1761105727634 20949.0 76
1761105729441 20949.0 77
1761105731284 20949.0 78
1761105733102 20949.0 79
1761105734936 20949.0 80
1761105736769 20949.0 81
1761105738603 20949.0 82
1761105740411 20949.0 83
1761105742285 20949.0 84
1761105744100 20949.0 85
1761105745935 20949.0 86
1761105747762 20949.0 87
1761105749584 20949.0 88
1761105751407 20949.0 89
1761105753248 20949.0 90
1761105755074 20949.0 91
1761105756898 20949.0 92
1761105758710 20949.0 93
1761105760524 20949.0 94
1761105762403 20949.0 95
1761105764248 20949.0 96
1761105766073 20949.0 97
1761105767917 20949.0 98
1761105769744 20949.0 99
