1771771555745 2833.0 0
1771771559023 2733.0 1
1771771562387 2733.0 2
1771771565265 2733.0 3
1771771567514 2633.0 4
1771771570041 2633.0 5
1771771572364 2633.0 6
1771771574589 2631.0 7
1771771576689 2631.0 8
1771771578883 2631.0 9
1771771581004 2631.0 10
1771771583093 2631.0 11
1771771585175 2631.0 12
1771771587477 2631.0 13
1771771589841 2631.0 14
1771771591959 2631.0 15
1771771594061 2631.0 16
1771771596132 2631.0 17
1771771598210 2631.0 18
1771771600300 2631.0 19
1771771602481 2631.0 20
1771771604558 2631.0 21
1771771606646 2631.0 22
1771771608700 2631.0 23
1771771610737 2631.0 24
1771771612782 2631.0 25
1771771614832 2631.0 26
1771771616922 2631.0 27
1771771619046 2631.0 28
1771771621126 2631.0 29
1771771623271 2631.0 30
1771771625321 2631.0 31
1771771627378 2631.0 32
1771771629436 2631.0 33
1771771631505 2631.0 34
1771771634054 2631.0 35
1771771636623 2631.0 36
1771771639411 2631.0 37
1771771641949 2631.0 38
1771771644343 2631.0 39
1771771646414 2631.0 40
1771771648479 2631.0 41
1771771650594 2533.0 42
1771771652708 2519.0 43
1771771654960 2411.0 44
1771771657052 2411.0 45
1771771659145 2411.0 46
1771771661246 2411.0 47
1771771663380 2411.0 48
1771771665532 2330.0 49
1771771667648 2330.0 50
1771771670046 2323.0 51
1771771672721 2223.0 52
1771771674897 2123.0 53
1771771677029 2123.0 54
1771771679110 2123.0 55
1771771681209 2123.0 56
1771771683359 2123.0 57
1771771685631 2123.0 58
1771771688353 2123.0 59
1771771690721 2123.0 60
1771771692966 2123.0 61
1771771695402 2123.0 62
1771771698689 2036.0 63
1771771701059 2036.0 64
1771771704425 2036.0 65
1771771707057 2036.0 66
1771771709605 1989.0 67
1771771712037 1889.0 68
1771771714714 1789.0 69
1771771717146 1789.0 70
1771771719652 1789.0 71
1771771722187 1789.0 72
1771771724662 1789.0 73
1771771727125 1689.0 74
1771771729628 1689.0 75
1771771732174 1689.0 76
1771771734735 1689.0 77
1771771737150 1689.0 78
1771771739712 1689.0 79
1771771742168 1689.0 80
1771771744624 1689.0 81
1771771747052 1689.0 82
1771771749562 1689.0 83
1771771752138 1589.0 84
1771771754624 1589.0 85
1771771757199 1587.0 86
1771771759745 1587.0 87
1771771762341 1587.0 88
1771771764740 1587.0 89
1771771767251 1487.0 90
1771771769672 1487.0 91
1771771772257 1487.0 92
1771771774752 1480.0 93
1771771777332 1480.0 94
1771771779669 1480.0 95
1771771782089 1480.0 96
1771771784459 1480.0 97
1771771786990 1480.0 98
1771771789480 1480.0 99
