1772010537442 3505.0 0
1772010538712 3505.0 1
1772010539873 3505.0 2
1772010541125 3505.0 3
1772010542574 3505.0 4
1772010543707 3505.0 5
1772010544810 3505.0 6
1772010546087 3505.0 7
1772010547179 3505.0 8
1772010548285 3505.0 9
1772010549379 3505.0 10
1772010550516 3505.0 11
1772010551697 3505.0 12
1772010552818 3505.0 13
1772010553927 3505.0 14
1772010555045 3505.0 15
1772010556226 3505.0 16
1772010557339 3505.0 17
1772010558546 3505.0 18
1772010559640 3505.0 19
1772010560799 3505.0 20
1772010561912 3505.0 21
1772010563014 3505.0 22
1772010564125 3505.0 23
1772010565329 3505.0 24
1772010566462 3505.0 25
1772010567557 3505.0 26
1772010568659 3505.0 27
1772010569809 3505.0 28
1772010570957 3505.0 29
1772010572207 3505.0 30
1772010573336 3505.0 31
1772010574453 3505.0 32
1772010575529 3505.0 33
1772010576690 3505.0 34
1772010577802 3505.0 35
1772010579000 3505.0 36
1772010580106 3505.0 37
1772010581223 3505.0 38
1772010582385 3505.0 39
1772010583467 3505.0 40
1772010584549 3505.0 41
1772010585717 3505.0 42
1772010586876 3505.0 43
1772010588012 3505.0 44
1772010589132 3505.0 45
1772010590222 3505.0 46
1772010591304 3505.0 47
1772010592511 3505.0 48
1772010593604 3505.0 49
1772010594701 3505.0 50
1772010595801 3505.0 51
1772010596899 3505.0 52
1772010598098 3505.0 53
1772010599215 3505.0 54
1772010600316 3505.0 55
1772010601409 3505.0 56
1772010602507 3505.0 57
1772010603600 3505.0 58
1772010604695 3505.0 59
1772010605870 3505.0 60
1772010607003 3505.0 61
1772010608150 3505.0 62
1772010609239 3505.0 63
1772010610348 3505.0 64
1772010611465 3505.0 65
1772010612526 3505.0 66
1772010613696 3505.0 67
1772010614807 3505.0 68
1772010615967 3505.0 69
1772010617051 3505.0 70
1772010618150 3505.0 71
1772010619226 3505.0 72
1772010620461 3505.0 73
1772010621590 3505.0 74
1772010622777 3505.0 75
1772010623926 3505.0 76
1772010625060 3505.0 77
1772010626171 3505.0 78
1772010627422 3505.0 79
1772010628603 3505.0 80
1772010629729 3505.0 81
1772010630847 3505.0 82
1772010631965 3505.0 83
1772010633219 3505.0 84
1772010634295 3505.0 85
1772010635402 3505.0 86
1772010636524 3505.0 87
1772010637677 3505.0 88
1772010638833 3505.0 89
1772010640057 3505.0 90
1772010641213 3505.0 91
1772010642345 3505.0 92
1772010643496 3505.0 93
1772010644630 3505.0 94
1772010645746 3505.0 95
1772010646965 3505.0 96
1772010648160 3505.0 97
1772010649470 3505.0 98
1772010650549 3505.0 99
