1761288183548 2272.0 0
1761288183979 2272.0 1
1761288184345 2272.0 2
1761288184709 2272.0 3
1761288185077 2272.0 4
1761288185441 2272.0 5
1761288185805 2272.0 6
1761288186163 2272.0 7
1761288186520 2272.0 8
1761288186882 2272.0 9
1761288187243 2272.0 10
1761288187607 2272.0 11
1761288187971 2272.0 12
1761288188328 2272.0 13
1761288188690 2272.0 14
1761288189055 2272.0 15
1761288189419 2272.0 16
1761288189793 2272.0 17
1761288190171 2272.0 18
1761288190543 2272.0 19
1761288190909 2272.0 20
1761288191277 2272.0 21
1761288191634 2272.0 22
1761288191994 2272.0 23
1761288192358 2272.0 24
1761288192715 2272.0 25
1761288193078 2272.0 26
1761288193446 2272.0 27
1761288193818 2272.0 28
1761288194186 2272.0 29
1761288194551 2272.0 30
1761288194910 2272.0 31
1761288195269 2272.0 32
1761288195630 2272.0 33
1761288195986 2272.0 34
1761288196346 2272.0 35
1761288196705 2272.0 36
1761288197064 2272.0 37
1761288197427 2272.0 38
1761288197785 2272.0 39
1761288198147 2272.0 40
1761288198510 2272.0 41
1761288198874 2272.0 42
1761288199229 2272.0 43
1761288199588 2272.0 44
1761288199946 2272.0 45
1761288200307 2272.0 46
1761288200666 2272.0 47
1761288201023 2272.0 48
1761288201387 2272.0 49
1761288201751 2272.0 50
1761288202111 2272.0 51
1761288202473 2272.0 52
1761288202833 2272.0 53
1761288203195 2272.0 54
1761288203564 2272.0 55
1761288203923 2272.0 56
1761288204287 2272.0 57
1761288204657 2272.0 58
1761288205016 2272.0 59
1761288205370 2272.0 60
1761288205729 2272.0 61
1761288206084 2272.0 62
1761288206444 2272.0 63
1761288206809 2272.0 64
1761288207168 2272.0 65
1761288207529 2272.0 66
1761288207893 2272.0 67
1761288208246 2272.0 68
1761288208605 2272.0 69
1761288208965 2272.0 70
1761288209323 2272.0 71
1761288209687 2272.0 72
1761288210048 2272.0 73
1761288210408 2272.0 74
1761288210762 2272.0 75
1761288211122 2272.0 76
1761288211485 2272.0 77
1761288211841 2272.0 78
1761288212202 2272.0 79
1761288212558 2272.0 80
1761288212917 2272.0 81
1761288213276 2272.0 82
1761288213632 2272.0 83
1761288214000 2272.0 84
1761288214365 2272.0 85
1761288214731 2272.0 86
1761288215105 2272.0 87
1761288215466 2272.0 88
1761288215822 2272.0 89
1761288216181 2272.0 90
1761288216545 2272.0 91
1761288216903 2272.0 92
1761288217262 2272.0 93
1761288217622 2272.0 94
1761288217976 2272.0 95
1761288218345 2272.0 96
1761288218707 2272.0 97
1761288219063 2272.0 98
1761288219417 2272.0 99
