1771768928864 3024.0 0
1771768951048 3024.0 1
1771768973395 3024.0 2
1771768996054 3024.0 3
1771769019192 3024.0 4
1771769042681 3024.0 5
1771769065673 3024.0 6
1771769089531 3024.0 7
1771769114565 3024.0 8
1771769138946 3024.0 9
1771769163523 3024.0 10
1771769188948 3024.0 11
1771769213607 3024.0 12
1771769239204 3024.0 13
1771769264876 2926.0 14
1771769290411 2926.0 15
1771769316310 2926.0 16
1771769342787 2926.0 17
1771769369352 2926.0 18
1771769395883 2926.0 19
1771769422996 2926.0 20
1771769449633 2926.0 21
1771769476675 2926.0 22
1771769503812 2926.0 23
1771769531207 2926.0 24
1771769558690 2926.0 25
1771769585872 2926.0 26
1771769612736 2926.0 27
1771769664341 2926.0 28
1771769701934 2926.0 29
1771769751191 2926.0 30
1771769789635 2926.0 31
1771769824127 2926.0 32
1771769862234 2926.0 33
1771769896357 2926.0 34
1771769928060 2926.0 35
1771769958730 2926.0 36
1771769989861 2926.0 37
1771770022225 2926.0 38
1771770054517 2926.0 39
1771770078140 2926.0 40
1771770103412 2926.0 41
1771770138287 2926.0 42
1771770162419 2926.0 43
1771770186196 2926.0 44
1771770209473 2926.0 45
1771770238148 2926.0 46
1771770262389 2926.0 47
1771770286333 2926.0 48
1771770310132 2926.0 49
1771770335659 2926.0 50
1771770370802 2926.0 51
1771770404065 2926.0 52
1771770434818 2926.0 53
1771770458642 2926.0 54
1771770482273 2926.0 55
1771770505000 2926.0 56
1771770529020 2926.0 57
1771770553073 2926.0 58
1771770580812 2926.0 59
1771770605388 2926.0 60
1771770631490 2926.0 61
1771770662212 2926.0 62
1771770686721 2926.0 63
1771770709773 2926.0 64
1771770735061 2926.0 65
1771770758937 2926.0 66
1771770786571 2926.0 67
1771770811631 2926.0 68
1771770837105 2926.0 69
1771770863722 2926.0 70
1771770892358 2926.0 71
1771770917668 2926.0 72
1771770941410 2926.0 73
1771770964448 2926.0 74
1771770987438 2926.0 75
1771771010398 2926.0 76
1771771033211 2926.0 77
1771771056119 2926.0 78
1771771079042 2926.0 79
1771771102310 2926.0 80
1771771124753 2926.0 81
1771771147444 2926.0 82
1771771169927 2926.0 83
1771771193576 2926.0 84
1771771217159 2926.0 85
1771771240635 2926.0 86
1771771264100 2926.0 87
1771771288284 2926.0 88
1771771311823 2926.0 89
1771771335026 2926.0 90
1771771358576 2926.0 91
1771771382073 2926.0 92
1771771405545 2926.0 93
1771771429162 2926.0 94
1771771452881 2926.0 95
1771771476956 2926.0 96
1771771500907 2926.0 97
1771771525016 2926.0 98
1771771551675 2926.0 99
