1770119204805 2655.0 0
1770119207228 2655.0 1
1770119209801 2655.0 2
1770119212264 2655.0 3
1770119214786 2555.0 4
1770119217266 2555.0 5
1770119219792 2555.0 6
1770119222414 2548.0 7
1770119224883 2548.0 8
1770119227319 2532.0 9
1770119229800 2532.0 10
1770119232198 2532.0 11
1770119234702 2523.0 12
1770119237173 2523.0 13
1770119239714 2523.0 14
1770119242115 2523.0 15
1770119244666 2523.0 16
1770119247066 2423.0 17
1770119249475 2423.0 18
1770119251984 2423.0 19
1770119254403 2423.0 20
1770119256875 2423.0 21
1770119259308 2423.0 22
1770119261921 2423.0 23
1770119264374 2323.0 24
1770119266842 2223.0 25
1770119269366 2223.0 26
1770119271836 2221.0 27
1770119274301 2221.0 28
1770119276811 2221.0 29
1770119279360 2221.0 30
1770119281885 2221.0 31
1770119284392 2221.0 32
1770119286983 2221.0 33
1770119289426 2221.0 34
1770119291995 2221.0 35
1770119294460 2221.0 36
1770119297161 2221.0 37
1770119299733 2221.0 38
1770119302320 2221.0 39
1770119304804 2221.0 40
1770119307307 2127.0 41
1770119309806 2127.0 42
1770119312348 2127.0 43
1770119314812 2027.0 44
1770119317538 1934.0 45
1770119320014 1934.0 46
1770119322557 1934.0 47
1770119325139 1934.0 48
1770119327781 1934.0 49
1770119330270 1934.0 50
1770119332919 1934.0 51
1770119335554 1933.0 52
1770119338307 1933.0 53
1770119340912 1925.0 54
1770119343510 1825.0 55
1770119346045 1804.0 56
1770119348577 1725.0 57
1770119351097 1725.0 58
1770119353846 1725.0 59
1770119356857 1625.0 60
1770119361136 1619.0 61
1770119363819 1619.0 62
1770119367444 1619.0 63
1770119369944 1619.0 64
1770119372221 1619.0 65
1770119375479 1611.0 66
1770119379184 1611.0 67
1770119382581 1611.0 68
1770119385335 1511.0 69
1770119387673 1511.0 70
1770119390132 1511.0 71
1770119393143 1511.0 72
1770119395820 1503.0 73
1770119398480 1503.0 74
1770119400800 1503.0 75
1770119403277 1501.0 76
1770119405539 1501.0 77
1770119409355 1501.0 78
1770119413693 1501.0 79
1770119416150 1501.0 80
1770119418411 1501.0 81
1770119420793 1501.0 82
1770119423250 1501.0 83
1770119426477 1501.0 84
1770119429300 1501.0 85
1770119431605 1501.0 86
1770119433844 1501.0 87
1770119437654 1501.0 88
1770119440255 1501.0 89
1770119442986 1501.0 90
1770119445768 1501.0 91
1770119448392 1500.0 92
1770119451145 1500.0 93
1770119453607 1400.0 94
1770119457294 1400.0 95
1770119460342 1400.0 96
1770119463167 1394.0 97
1770119466848 1292.0 98
1770119469574 1292.0 99
