1761203586332 1842.0 0
1761203586916 1774.0 1
1761203587491 1774.0 2
1761203588073 1642.0 3
1761203588657 1642.0 4
1761203589234 1642.0 5
1761203589817 1542.0 6
1761203590389 1442.0 7
1761203590974 1442.0 8
1761203591563 1342.0 9
1761203592151 1342.0 10
1761203592750 1342.0 11
1761203593327 1342.0 12
1761203593903 1342.0 13
1761203594487 1342.0 14
1761203595067 1342.0 15
1761203595664 1342.0 16
1761203596250 1342.0 17
1761203596827 1342.0 18
1761203597397 1342.0 19
1761203597970 1342.0 20
1761203598548 1342.0 21
1761203599137 1342.0 22
1761203599726 1289.0 23
1761203600318 1289.0 24
1761203600897 1289.0 25
1761203601475 1289.0 26
1761203602063 1289.0 27
1761203602648 1289.0 28
1761203603223 1289.0 29
1761203603812 1289.0 30
1761203604399 1289.0 31
1761203604980 1289.0 32
1761203605543 1289.0 33
1761203606134 1289.0 34
1761203606690 1289.0 35
1761203607267 1268.0 36
1761203607849 1268.0 37
1761203608427 1268.0 38
1761203608998 1268.0 39
1761203609577 1169.0 40
1761203610142 1169.0 41
1761203610707 1169.0 42
1761203611274 1169.0 43
1761203611867 1169.0 44
1761203612433 1069.0 45
1761203613009 1069.0 46
1761203613574 1062.0 47
1761203614135 1062.0 48
1761203614716 1062.0 49
1761203615289 1062.0 50
1761203615869 1062.0 51
1761203616440 1062.0 52
1761203617001 1049.0 53
1761203617583 1049.0 54
1761203618148 1049.0 55
1761203618720 1047.0 56
1761203619287 1047.0 57
1761203619869 1047.0 58
1761203620430 1040.0 59
1761203620998 1040.0 60
1761203621583 1040.0 61
1761203622185 1040.0 62
1761203622755 1040.0 63
1761203623353 1040.0 64
1761203623937 1040.0 65
1761203624510 1040.0 66
1761203625101 1040.0 67
1761203625690 1040.0 68
1761203626269 1040.0 69
1761203626841 1040.0 70
1761203627417 1040.0 71
1761203627998 1040.0 72
1761203628559 1040.0 73
1761203629125 1040.0 74
1761203629701 963.0 75
1761203630277 963.0 76
1761203630857 963.0 77
1761203631451 863.0 78
1761203632039 858.0 79
1761203632639 858.0 80
1761203633243 858.0 81
1761203633819 858.0 82
1761203634399 858.0 83
1761203634982 858.0 84
1761203635622 858.0 85
1761203636219 858.0 86
1761203636803 858.0 87
1761203637382 858.0 88
1761203637950 858.0 89
1761203638522 858.0 90
1761203639098 858.0 91
1761203639662 858.0 92
1761203640235 858.0 93
1761203640813 858.0 94
1761203641396 858.0 95
1761203641963 858.0 96
1761203642539 858.0 97
1761203643123 848.0 98
1761203643696 848.0 99
