1761199944138 2166.0 0
1761199944457 1570.0 1
1761199944816 1171.0 2
1761199945180 976.0 3
1761199945538 875.0 4
1761199945899 868.0 5
1761199946270 768.0 6
1761199946628 768.0 7
1761199946991 766.0 8
1761199947404 766.0 9
1761199947780 666.0 10
1761199948138 574.0 11
1761199948527 574.0 12
1761199948894 572.0 13
1761199949277 572.0 14
1761199949649 559.0 15
1761199950023 559.0 16
1761199950398 559.0 17
1761199950827 554.0 18
1761199951199 554.0 19
1761199951587 554.0 20
1761199951956 454.0 21
1761199952330 454.0 22
1761199952702 452.0 23
1761199953063 452.0 24
1761199953423 452.0 25
1761199953794 452.0 26
1761199954155 452.0 27
1761199954564 452.0 28
1761199954930 452.0 29
1761199955299 452.0 30
1761199955663 352.0 31
1761199956023 352.0 32
1761199956393 352.0 33
1761199956756 350.0 34
1761199957121 350.0 35
1761199957474 350.0 36
1761199957897 350.0 37
1761199958259 350.0 38
1761199958614 350.0 39
1761199958992 350.0 40
1761199959355 350.0 41
1761199959722 350.0 42
1761199960087 350.0 43
1761199960452 350.0 44
1761199960813 350.0 45
1761199961227 350.0 46
1761199961593 348.0 47
1761199961961 348.0 48
1761199962322 348.0 49
1761199962690 348.0 50
1761199963052 346.0 51
1761199963402 346.0 52
1761199963751 346.0 53
1761199964099 346.0 54
1761199964439 346.0 55
1761199964831 346.0 56
1761199965173 346.0 57
1761199965524 346.0 58
1761199965872 346.0 59
1761199966217 346.0 60
1761199966565 346.0 61
1761199966913 346.0 62
1761199967265 346.0 63
1761199967613 346.0 64
1761199968005 346.0 65
1761199968358 346.0 66
1761199968705 346.0 67
1761199969053 346.0 68
1761199969413 346.0 69
1761199969759 346.0 70
1761199970115 346.0 71
1761199970474 346.0 72
1761199970825 346.0 73
1761199971178 338.0 74
1761199971576 338.0 75
1761199971921 338.0 76
1761199972268 338.0 77
1761199972620 338.0 78
1761199972966 338.0 79
1761199973311 338.0 80
1761199973660 338.0 81
1761199974006 338.0 82
1761199974354 338.0 83
1761199974749 338.0 84
1761199975091 338.0 85
1761199975436 338.0 86
1761199975786 338.0 87
1761199976126 338.0 88
1761199976479 338.0 89
1761199976828 338.0 90
1761199977174 338.0 91
1761199977530 338.0 92
1761199977877 338.0 93
1761199978275 338.0 94
1761199978622 338.0 95
1761199978973 338.0 96
1761199979317 336.0 97
1761199979672 336.0 98
1761199980023 336.0 99
