1761289028481 2188.0 0
1761289028803 1576.0 1
1761289029094 1370.0 2
1761289029402 1202.0 3
1761289029739 1086.0 4
1761289030048 986.0 5
1761289030364 979.0 6
1761289030671 979.0 7
1761289030972 879.0 8
1761289031335 786.0 9
1761289031646 779.0 10
1761289031946 686.0 11
1761289032256 679.0 12
1761289032566 679.0 13
1761289032876 679.0 14
1761289033184 679.0 15
1761289033485 679.0 16
1761289033806 672.0 17
1761289034169 672.0 18
1761289034475 672.0 19
1761289034780 672.0 20
1761289035088 661.0 21
1761289035395 661.0 22
1761289035688 661.0 23
1761289035978 661.0 24
1761289036268 661.0 25
1761289036556 561.0 26
1761289036847 553.0 27
1761289037175 553.0 28
1761289037459 553.0 29
1761289037739 453.0 30
1761289038023 444.0 31
1761289038310 444.0 32
1761289038599 444.0 33
1761289038883 444.0 34
1761289039163 444.0 35
1761289039445 442.0 36
1761289039788 442.0 37
1761289040065 442.0 38
1761289040343 442.0 39
1761289040622 442.0 40
1761289040900 442.0 41
1761289041178 442.0 42
1761289041456 442.0 43
1761289041739 442.0 44
1761289042016 436.0 45
1761289042368 436.0 46
1761289042658 436.0 47
1761289042943 436.0 48
1761289043232 436.0 49
1761289043516 436.0 50
1761289043800 436.0 51
1761289044087 436.0 52
1761289044382 436.0 53
1761289044667 436.0 54
1761289044957 436.0 55
1761289045316 436.0 56
1761289045609 436.0 57
1761289045899 436.0 58
1761289046185 436.0 59
1761289046472 436.0 60
1761289046753 436.0 61
1761289047045 436.0 62
1761289047337 436.0 63
1761289047626 436.0 64
1761289047973 436.0 65
1761289048282 436.0 66
1761289048569 436.0 67
1761289048864 436.0 68
1761289049148 436.0 69
1761289049437 436.0 70
1761289049723 436.0 71
1761289050006 436.0 72
1761289050310 436.0 73
1761289050596 436.0 74
1761289050949 436.0 75
1761289051240 436.0 76
1761289051530 436.0 77
1761289051822 436.0 78
1761289052114 436.0 79
1761289052402 436.0 80
1761289052692 436.0 81
1761289052981 436.0 82
1761289053269 436.0 83
1761289053623 436.0 84
1761289053915 436.0 85
1761289054203 336.0 86
1761289054497 336.0 87
1761289054806 336.0 88
1761289055088 336.0 89
1761289055378 336.0 90
1761289055667 336.0 91
1761289055956 336.0 92
1761289056240 336.0 93
1761289056596 336.0 94
1761289056884 336.0 95
1761289057169 336.0 96
1761289057458 336.0 97
1761289057758 336.0 98
1761289058050 336.0 99
