1772021759597 3865.0 0
1772021799110 3340.0 1
1772021839013 3340.0 2
1772021880085 3340.0 3
1772021919372 3340.0 4
1772021960130 3232.0 5
1772021999585 3167.0 6
1772022041622 3025.0 7
1772022084020 3017.0 8
1772022131203 3017.0 9
1772022179577 3017.0 10
1772022224016 3017.0 11
1772022262613 3017.0 12
1772022307647 3017.0 13
1772022352656 3017.0 14
1772022394362 3017.0 15
1772022432773 3017.0 16
1772022456090 3017.0 17
1772022500778 3017.0 18
1772022547846 3017.0 19
1772022595571 3017.0 20
1772022642658 3017.0 21
1772022691673 3017.0 22
1772022734246 3017.0 23
1772022785997 3017.0 24
1772022829299 3017.0 25
1772022858310 3017.0 26
1772022894481 3017.0 27
1772022924192 3017.0 28
1772022952025 3017.0 29
1772022979701 3017.0 30
1772023007851 3017.0 31
1772023035759 3017.0 32
1772023064243 3017.0 33
1772023092195 3017.0 34
1772023119980 3017.0 35
1772023147949 3017.0 36
1772023176762 3017.0 37
1772023204533 3017.0 38
1772023231999 3017.0 39
1772023259477 3017.0 40
1772023287189 3017.0 41
1772023314794 3017.0 42
1772023342236 3017.0 43
1772023369525 3017.0 44
1772023397442 3017.0 45
1772023425258 3017.0 46
1772023453294 3017.0 47
1772023481528 3017.0 48
1772023509975 3017.0 49
1772023537885 3017.0 50
1772023565620 3017.0 51
1772023593211 3017.0 52
1772023621025 3017.0 53
1772023649209 3017.0 54
1772023677416 3017.0 55
1772023705522 3017.0 56
1772023733758 3017.0 57
1772023761541 3017.0 58
1772023789397 3017.0 59
1772023817253 3017.0 60
1772023845207 3017.0 61
1772023873244 3017.0 62
1772023901172 3017.0 63
1772023929171 3017.0 64
1772023957177 3017.0 65
1772023985477 3017.0 66
1772024013452 3017.0 67
1772024041373 3017.0 68
1772024069214 3017.0 69
1772024097330 3017.0 70
1772024125302 3017.0 71
1772024153010 3017.0 72
1772024180460 3017.0 73
1772024207653 3017.0 74
1772024235378 3017.0 75
1772024262950 3017.0 76
1772024291018 3017.0 77
1772024318850 3017.0 78
1772024346492 3017.0 79
1772024374174 3017.0 80
1772024401765 3017.0 81
1772024428604 3017.0 82
1772024458174 3017.0 83
1772024487516 3017.0 84
1772024516689 3017.0 85
1772024546874 3017.0 86
1772024576821 3017.0 87
1772024606136 3017.0 88
1772024635473 3017.0 89
1772024664473 3017.0 90
1772024693821 3017.0 91
1772024722909 3017.0 92
1772024751547 3017.0 93
1772024780640 3017.0 94
1772024810132 3017.0 95
1772024838648 3017.0 96
1772024867481 3017.0 97
1772024896464 3017.0 98
1772024924819 3017.0 99
