1761207125079 3348.0 0
1761207125564 3348.0 1
1761207125970 3348.0 2
1761207126376 3348.0 3
1761207126800 3348.0 4
1761207127215 3348.0 5
1761207127618 3348.0 6
1761207128028 3348.0 7
1761207128452 3348.0 8
1761207128878 3348.0 9
1761207129297 3348.0 10
1761207129724 3348.0 11
1761207130149 3348.0 12
1761207130577 3348.0 13
1761207130991 3348.0 14
1761207131409 3348.0 15
1761207131821 3348.0 16
1761207132240 3348.0 17
1761207132658 3348.0 18
1761207133082 3348.0 19
1761207133498 3348.0 20
1761207133918 3348.0 21
1761207134332 3348.0 22
1761207134765 3348.0 23
1761207135183 3348.0 24
1761207135610 3348.0 25
1761207136033 3348.0 26
1761207136449 3348.0 27
1761207136872 3348.0 28
1761207137275 3348.0 29
1761207137682 3348.0 30
1761207138095 3348.0 31
1761207138514 3348.0 32
1761207138929 3348.0 33
1761207139340 3348.0 34
1761207139744 3348.0 35
1761207140163 3348.0 36
1761207140572 3348.0 37
1761207140988 3348.0 38
1761207141404 3348.0 39
1761207141831 3348.0 40
1761207142246 3348.0 41
1761207142660 3348.0 42
1761207143072 3348.0 43
1761207143488 3348.0 44
1761207143900 3348.0 45
1761207144314 3348.0 46
1761207144713 3348.0 47
1761207145131 3348.0 48
1761207145571 3348.0 49
1761207145982 3348.0 50
1761207146407 3348.0 51
1761207146825 3348.0 52
1761207147235 3348.0 53
1761207147641 3348.0 54
1761207148054 3348.0 55
1761207148470 3348.0 56
1761207148882 3348.0 57
1761207149296 3348.0 58
1761207149710 3348.0 59
1761207150122 3348.0 60
1761207150528 3348.0 61
1761207150932 3348.0 62
1761207151346 3348.0 63
1761207151757 3348.0 64
1761207152176 3348.0 65
1761207152589 3348.0 66
1761207152996 3348.0 67
1761207153407 3348.0 68
1761207153811 3348.0 69
1761207154214 3348.0 70
1761207154629 3348.0 71
1761207155038 3348.0 72
1761207155443 3348.0 73
1761207155869 3348.0 74
1761207156298 3348.0 75
1761207156718 3348.0 76
1761207157128 3348.0 77
1761207157550 3348.0 78
1761207157976 3348.0 79
1761207158392 3348.0 80
1761207158802 3348.0 81
1761207159211 3348.0 82
1761207159622 3348.0 83
1761207160044 3348.0 84
1761207160459 3348.0 85
1761207160873 3348.0 86
1761207161285 3348.0 87
1761207161692 3348.0 88
1761207162114 3348.0 89
1761207162529 3348.0 90
1761207162945 3348.0 91
1761207163363 3348.0 92
1761207163781 3348.0 93
1761207164191 3348.0 94
1761207164611 3348.0 95
1761207165023 3348.0 96
1761207165433 3348.0 97
1761207165843 3348.0 98
1761207166277 3348.0 99
