1761267955043 3152.0 0
1761267955596 3152.0 1
1761267956070 3152.0 2
1761267956554 3152.0 3
1761267957027 3152.0 4
1761267957508 3152.0 5
1761267957990 3152.0 6
1761267958470 3152.0 7
1761267958956 3152.0 8
1761267959450 3152.0 9
1761267959926 3152.0 10
1761267960407 3152.0 11
1761267960885 3152.0 12
1761267961373 3152.0 13
1761267961856 3152.0 14
1761267962344 3152.0 15
1761267962829 3152.0 16
1761267963301 3152.0 17
1761267963844 3152.0 18
1761267964514 3152.0 19
1761267965168 3152.0 20
1761267965768 3152.0 21
1761267966435 3152.0 22
1761267967035 3152.0 23
1761267967612 3152.0 24
1761267968167 3152.0 25
1761267968776 3152.0 26
1761267969295 3152.0 27
1761267969844 3152.0 28
1761267970427 3152.0 29
1761267971017 3152.0 30
1761267971595 3152.0 31
1761267972146 3152.0 32
1761267972726 3152.0 33
1761267973286 3152.0 34
1761267973944 3152.0 35
1761267974516 3152.0 36
1761267975151 3152.0 37
1761267975723 3152.0 38
1761267976288 3152.0 39
1761267976860 3152.0 40
1761267977414 3152.0 41
1761267978017 3152.0 42
1761267978596 3152.0 43
1761267979126 3152.0 44
1761267979659 3152.0 45
1761267980232 3152.0 46
1761267980827 3152.0 47
1761267981409 3152.0 48
1761267982005 3152.0 49
1761267982575 3152.0 50
1761267983181 3152.0 51
1761267983782 3152.0 52
1761267984383 3152.0 53
1761267985021 3152.0 54
1761267985673 3152.0 55
1761267986305 3152.0 56
1761267986838 3152.0 57
1761267987485 3152.0 58
1761267988062 3152.0 59
1761267988641 3152.0 60
1761267989193 3152.0 61
1761267989769 3152.0 62
1761267990382 3152.0 63
1761267990953 3152.0 64
1761267991534 3152.0 65
1761267992078 3152.0 66
1761267992669 3152.0 67
1761267993257 3152.0 68
1761267993814 3152.0 69
1761267994342 3152.0 70
1761267994888 3152.0 71
1761267995470 3152.0 72
1761267996088 3152.0 73
1761267996622 3152.0 74
1761267997208 3152.0 75
1761267997849 3152.0 76
1761267998472 3152.0 77
1761267999084 3152.0 78
1761267999726 3152.0 79
1761268000373 3152.0 80
1761268000927 3152.0 81
1761268001465 3152.0 82
1761268002002 3152.0 83
1761268002642 3152.0 84
1761268003290 3152.0 85
1761268003940 3152.0 86
1761268004522 3152.0 87
1761268005127 3152.0 88
1761268005721 3152.0 89
1761268006370 3152.0 90
1761268006913 3152.0 91
1761268007541 3152.0 92
1761268008195 3152.0 93
1761268008759 3152.0 94
1761268009377 3152.0 95
1761268009886 3152.0 96
1761268010364 3152.0 97
1761268010869 3152.0 98
1761268011398 3152.0 99
