1771752306691 3242.0 0
1771752308851 3242.0 1
1771752311146 3129.0 2
1771752313414 3129.0 3
1771752315623 3129.0 4
1771752317915 3129.0 5
1771752320139 3123.0 6
1771752322289 3123.0 7
1771752324501 3023.0 8
1771752326779 3023.0 9
1771752328970 3023.0 10
1771752331191 3023.0 11
1771752333498 3023.0 12
1771752335751 3023.0 13
1771752337931 3023.0 14
1771752340115 2933.0 15
1771752342378 2923.0 16
1771752344607 2833.0 17
1771752346816 2821.0 18
1771752349237 2727.0 19
1771752351505 2629.0 20
1771752353692 2622.0 21
1771752355936 2622.0 22
1771752358167 2622.0 23
1771752360420 2553.0 24
1771752362645 2453.0 25
1771752364982 2453.0 26
1771752367291 2345.0 27
1771752369558 2345.0 28
1771752371780 2245.0 29
1771752373973 2145.0 30
1771752376202 2145.0 31
1771752378406 2139.0 32
1771752380597 2139.0 33
1771752382904 2139.0 34
1771752385090 2139.0 35
1771752387265 2139.0 36
1771752389539 2133.0 37
1771752391744 2133.0 38
1771752393973 2133.0 39
1771752396207 2125.0 40
1771752398413 2125.0 41
1771752400696 2125.0 42
1771752403036 2025.0 43
1771752405212 2025.0 44
1771752407442 2025.0 45
1771752409644 2025.0 46
1771752411873 2025.0 47
1771752414093 2013.0 48
1771752416252 1913.0 49
1771752418428 1813.0 50
1771752420769 1813.0 51
1771752423039 1813.0 52
1771752425277 1813.0 53
1771752427476 1813.0 54
1771752429731 1629.0 55
1771752431976 1629.0 56
1771752434293 1629.0 57
1771752436517 1629.0 58
1771752438758 1629.0 59
1771752441058 1629.0 60
1771752443359 1629.0 61
1771752445613 1629.0 62
1771752447872 1629.0 63
1771752450127 1629.0 64
1771752452382 1629.0 65
1771752454655 1629.0 66
1771752456952 1629.0 67
1771752459291 1629.0 68
1771752461503 1629.0 69
1771752463760 1629.0 70
1771752465986 1629.0 71
1771752468218 1629.0 72
1771752470518 1629.0 73
1771752472808 1629.0 74
1771752475026 1629.0 75
1771752477365 1629.0 76
1771752479632 1629.0 77
1771752481876 1629.0 78
1771752484103 1629.0 79
1771752486303 1629.0 80
1771752488499 1629.0 81
1771752490746 1625.0 82
1771752492952 1613.0 83
1771752495210 1613.0 84
1771752497467 1613.0 85
1771752499752 1525.0 86
1771752501925 1525.0 87
1771752504138 1425.0 88
1771752506372 1425.0 89
1771752508595 1425.0 90
1771752510797 1425.0 91
1771752513003 1305.0 92
1771752515294 1305.0 93
1771752517570 1305.0 94
1771752519922 1225.0 95
1771752522093 1125.0 96
1771752524435 1125.0 97
1771752526578 1125.0 98
1771752528748 1103.0 99
