1761196837376 1720.0 0
1761196837772 1720.0 1
1761196838122 1720.0 2
1761196838464 1720.0 3
1761196838799 1720.0 4
1761196839132 1720.0 5
1761196839468 1720.0 6
1761196839804 1720.0 7
1761196840144 1720.0 8
1761196840483 1720.0 9
1761196840821 1720.0 10
1761196841158 1720.0 11
1761196841493 1720.0 12
1761196841825 1720.0 13
1761196842162 1720.0 14
1761196842496 1720.0 15
1761196842834 1720.0 16
1761196843171 1720.0 17
1761196843502 1720.0 18
1761196843838 1720.0 19
1761196844180 1720.0 20
1761196844516 1720.0 21
1761196844847 1720.0 22
1761196845185 1720.0 23
1761196845526 1720.0 24
1761196845869 1720.0 25
1761196846209 1720.0 26
1761196846550 1720.0 27
1761196846885 1720.0 28
1761196847219 1720.0 29
1761196847559 1720.0 30
1761196847917 1720.0 31
1761196848260 1720.0 32
1761196848597 1720.0 33
1761196848934 1720.0 34
1761196849288 1720.0 35
1761196849624 1720.0 36
1761196849951 1720.0 37
1761196850288 1720.0 38
1761196850634 1720.0 39
1761196850970 1720.0 40
1761196851308 1720.0 41
1761196851642 1720.0 42
1761196851975 1720.0 43
1761196852310 1720.0 44
1761196852644 1720.0 45
1761196852994 1720.0 46
1761196853334 1720.0 47
1761196853661 1720.0 48
1761196853995 1720.0 49
1761196854329 1720.0 50
1761196854662 1720.0 51
1761196854997 1720.0 52
1761196855332 1720.0 53
1761196855665 1720.0 54
1761196856000 1720.0 55
1761196856337 1720.0 56
1761196856670 1720.0 57
1761196857004 1720.0 58
1761196857349 1720.0 59
1761196857685 1720.0 60
1761196858013 1720.0 61
1761196858355 1720.0 62
1761196858694 1720.0 63
1761196859035 1720.0 64
1761196859370 1720.0 65
1761196859709 1720.0 66
1761196860043 1720.0 67
1761196860379 1720.0 68
1761196860711 1720.0 69
1761196861050 1720.0 70
1761196861385 1720.0 71
1761196861721 1720.0 72
1761196862059 1720.0 73
1761196862389 1720.0 74
1761196862721 1720.0 75
1761196863056 1720.0 76
1761196863391 1720.0 77
1761196863725 1720.0 78
1761196864058 1720.0 79
1761196864394 1720.0 80
1761196864726 1720.0 81
1761196865058 1720.0 82
1761196865395 1720.0 83
1761196865727 1720.0 84
1761196866060 1720.0 85
1761196866396 1720.0 86
1761196866734 1720.0 87
1761196867076 1720.0 88
1761196867421 1720.0 89
1761196867773 1720.0 90
1761196868116 1720.0 91
1761196868452 1720.0 92
1761196868792 1720.0 93
1761196869127 1720.0 94
1761196869464 1720.0 95
1761196869800 1720.0 96
1761196870147 1720.0 97
1761196870480 1720.0 98
1761196870810 1720.0 99
