1761276104804 1680.0 0
1761276105250 1680.0 1
1761276105625 1680.0 2
1761276106006 1680.0 3
1761276106386 1680.0 4
1761276106770 1680.0 5
1761276107211 1680.0 6
1761276107587 1680.0 7
1761276107964 1680.0 8
1761276108340 1680.0 9
1761276108720 1680.0 10
1761276109093 1680.0 11
1761276109466 1680.0 12
1761276109842 1680.0 13
1761276110214 1680.0 14
1761276110593 1680.0 15
1761276110969 1680.0 16
1761276111338 1680.0 17
1761276111717 1680.0 18
1761276112092 1680.0 19
1761276112483 1680.0 20
1761276112863 1680.0 21
1761276113238 1680.0 22
1761276113608 1680.0 23
1761276113988 1680.0 24
1761276114366 1680.0 25
1761276114743 1680.0 26
1761276115124 1680.0 27
1761276115509 1680.0 28
1761276115887 1680.0 29
1761276116268 1680.0 30
1761276116651 1680.0 31
1761276117028 1680.0 32
1761276117402 1680.0 33
1761276117783 1680.0 34
1761276118164 1680.0 35
1761276118532 1680.0 36
1761276118911 1680.0 37
1761276119289 1680.0 38
1761276119669 1680.0 39
1761276120048 1680.0 40
1761276120425 1680.0 41
1761276120803 1680.0 42
1761276121179 1680.0 43
1761276121556 1680.0 44
1761276121935 1680.0 45
1761276122316 1680.0 46
1761276122701 1680.0 47
1761276123084 1680.0 48
1761276123462 1680.0 49
1761276123840 1680.0 50
1761276124219 1680.0 51
1761276124599 1680.0 52
1761276124979 1680.0 53
1761276125359 1680.0 54
1761276125737 1680.0 55
1761276126124 1680.0 56
1761276126512 1680.0 57
1761276126902 1680.0 58
1761276127285 1680.0 59
1761276127665 1680.0 60
1761276128045 1680.0 61
1761276128421 1680.0 62
1761276128797 1680.0 63
1761276129185 1680.0 64
1761276129564 1680.0 65
1761276129948 1680.0 66
1761276130320 1680.0 67
1761276130702 1680.0 68
1761276131085 1680.0 69
1761276131466 1680.0 70
1761276131841 1680.0 71
1761276132229 1680.0 72
1761276132614 1680.0 73
1761276132994 1680.0 74
1761276133370 1680.0 75
1761276133746 1680.0 76
1761276134129 1680.0 77
1761276134510 1680.0 78
1761276134882 1680.0 79
1761276135265 1680.0 80
1761276135648 1680.0 81
1761276136027 1680.0 82
1761276136414 1680.0 83
1761276136803 1680.0 84
1761276137194 1680.0 85
1761276137578 1680.0 86
1761276137959 1680.0 87
1761276138339 1680.0 88
1761276138715 1680.0 89
1761276139095 1680.0 90
1761276139486 1680.0 91
1761276139869 1680.0 92
1761276140249 1680.0 93
1761276140633 1680.0 94
1761276141011 1680.0 95
1761276141388 1680.0 96
1761276141774 1680.0 97
1761276142155 1680.0 98
1761276142538 1680.0 99
