1772010668610 3134.0 0
1772010690168 3134.0 1
1772010712381 3134.0 2
1772010734909 3134.0 3
1772010758103 3134.0 4
1772010782053 3134.0 5
1772010806057 3134.0 6
1772010830134 3119.0 7
1772010855094 3119.0 8
1772010879767 3119.0 9
1772010904640 2958.0 10
1772010930010 2958.0 11
1772010955541 2958.0 12
1772010980565 2958.0 13
1772011005989 2958.0 14
1772011032121 2958.0 15
1772011058285 2958.0 16
1772011084588 2958.0 17
1772011110716 2958.0 18
1772011137706 2958.0 19
1772011164306 2958.0 20
1772011190546 2958.0 21
1772011212942 2958.0 22
1772011235840 2958.0 23
1772011258573 2958.0 24
1772011281330 2958.0 25
1772011304214 2958.0 26
1772011326818 2958.0 27
1772011349678 2958.0 28
1772011372472 2958.0 29
1772011394874 2958.0 30
1772011417579 2958.0 31
1772011440362 2958.0 32
1772011462669 2958.0 33
1772011485215 2958.0 34
1772011507631 2958.0 35
1772011530646 2958.0 36
1772011553762 2958.0 37
1772011576754 2958.0 38
1772011598998 2958.0 39
1772011621114 2958.0 40
1772011643538 2958.0 41
1772011666295 2958.0 42
1772011688792 2958.0 43
1772011711365 2958.0 44
1772011734442 2958.0 45
1772011757187 2958.0 46
1772011780045 2958.0 47
1772011803079 2958.0 48
1772011825923 2958.0 49
1772011848651 2958.0 50
1772011871534 2958.0 51
1772011894662 2958.0 52
1772011918031 2958.0 53
1772011941244 2958.0 54
1772011964059 2958.0 55
1772011987353 2958.0 56
1772012010421 2958.0 57
1772012033340 2958.0 58
1772012055581 2958.0 59
1772012078078 2958.0 60
1772012101129 2958.0 61
1772012123634 2958.0 62
1772012146256 2958.0 63
1772012169081 2958.0 64
1772012191491 2958.0 65
1772012214241 2958.0 66
1772012237334 2958.0 67
1772012260204 2958.0 68
1772012283484 2958.0 69
1772012306597 2958.0 70
1772012329607 2958.0 71
1772012352668 2958.0 72
1772012375780 2958.0 73
1772012398435 2958.0 74
1772012421309 2958.0 75
1772012444209 2958.0 76
1772012466503 2958.0 77
1772012489498 2958.0 78
1772012512269 2958.0 79
1772012535009 2958.0 80
1772012558269 2958.0 81
1772012581611 2958.0 82
1772012604483 2958.0 83
1772012627244 2958.0 84
1772012650072 2958.0 85
1772012673105 2958.0 86
1772012695945 2958.0 87
1772012718874 2958.0 88
1772012743944 2958.0 89
1772012769513 2958.0 90
1772012794686 2958.0 91
1772012818556 2958.0 92
1772012841674 2958.0 93
1772012864514 2958.0 94
1772012887442 2958.0 95
1772012910231 2958.0 96
1772012933649 2958.0 97
1772012956618 2958.0 98
1772012979400 2958.0 99
