1761287451901 1785.0 0
1761287452220 1785.0 1
1761287452486 1785.0 2
1761287452750 1785.0 3
1761287453025 1785.0 4
1761287453293 1785.0 5
1761287453558 1785.0 6
1761287453826 1785.0 7
1761287454091 1785.0 8
1761287454364 1785.0 9
1761287454633 1785.0 10
1761287454896 1785.0 11
1761287455167 1785.0 12
1761287455432 1785.0 13
1761287455695 1785.0 14
1761287455963 1785.0 15
1761287456233 1785.0 16
1761287456503 1785.0 17
1761287456770 1785.0 18
1761287457034 1785.0 19
1761287457296 1785.0 20
1761287457564 1785.0 21
1761287457820 1785.0 22
1761287458094 1785.0 23
1761287458363 1785.0 24
1761287458631 1785.0 25
1761287458894 1785.0 26
1761287459162 1785.0 27
1761287459430 1785.0 28
1761287459696 1785.0 29
1761287459957 1785.0 30
1761287460233 1785.0 31
1761287460499 1785.0 32
1761287460764 1785.0 33
1761287461028 1785.0 34
1761287461297 1785.0 35
1761287461564 1785.0 36
1761287461835 1785.0 37
1761287462104 1785.0 38
1761287462391 1785.0 39
1761287462665 1785.0 40
1761287462943 1785.0 41
1761287463231 1785.0 42
1761287463510 1785.0 43
1761287463790 1785.0 44
1761287464048 1785.0 45
1761287464324 1785.0 46
1761287464591 1785.0 47
1761287464869 1785.0 48
1761287465142 1785.0 49
1761287465416 1785.0 50
1761287465683 1785.0 51
1761287465960 1785.0 52
1761287466229 1785.0 53
1761287466503 1785.0 54
1761287466777 1785.0 55
1761287467046 1785.0 56
1761287467311 1785.0 57
1761287467581 1785.0 58
1761287467874 1785.0 59
1761287468197 1785.0 60
1761287468546 1785.0 61
1761287468838 1785.0 62
1761287469198 1785.0 63
1761287469524 1785.0 64
1761287469903 1785.0 65
1761287470265 1785.0 66
1761287470591 1785.0 67
1761287470932 1785.0 68
1761287471284 1785.0 69
1761287471605 1785.0 70
1761287471899 1785.0 71
1761287472229 1785.0 72
1761287472540 1785.0 73
1761287472858 1785.0 74
1761287473158 1785.0 75
1761287473467 1785.0 76
1761287473777 1785.0 77
1761287474056 1785.0 78
1761287474370 1785.0 79
1761287474676 1785.0 80
1761287474968 1785.0 81
1761287475273 1785.0 82
1761287475605 1785.0 83
1761287475915 1785.0 84
1761287476192 1785.0 85
1761287476470 1785.0 86
1761287476801 1785.0 87
1761287477171 1785.0 88
1761287477468 1785.0 89
1761287477827 1785.0 90
1761287478133 1785.0 91
1761287478462 1785.0 92
1761287478846 1785.0 93
1761287479166 1785.0 94
1761287479511 1785.0 95
1761287479848 1785.0 96
1761287480172 1785.0 97
1761287480486 1785.0 98
1761287480859 1785.0 99
