1761286636565 1888.0 0
1761286640938 1603.0 1
1761286645395 1603.0 2
1761286649881 1603.0 3
1761286654474 1603.0 4
1761286659157 1603.0 5
1761286663835 1395.0 6
1761286668580 1395.0 7
1761286673420 1395.0 8
1761286678236 1395.0 9
1761286683184 1395.0 10
1761286688095 1395.0 11
1761286693051 1395.0 12
1761286698015 1395.0 13
1761286703030 1395.0 14
1761286707971 1395.0 15
1761286713111 1395.0 16
1761286718159 1395.0 17
1761286723217 1395.0 18
1761286728186 1395.0 19
1761286733237 1395.0 20
1761286738277 1395.0 21
1761286743343 1395.0 22
1761286748335 1395.0 23
1761286753415 1395.0 24
1761286758473 1395.0 25
1761286763548 1395.0 26
1761286768581 1395.0 27
1761286773561 1395.0 28
1761286778551 1395.0 29
1761286783513 1395.0 30
1761286788515 1395.0 31
1761286793573 1395.0 32
1761286798739 1395.0 33
1761286803749 1395.0 34
1761286808784 1395.0 35
1761286813789 1395.0 36
1761286818822 1395.0 37
1761286823912 1395.0 38
1761286828989 1395.0 39
1761286834045 1395.0 40
1761286839118 1395.0 41
1761286844199 1395.0 42
1761286849217 1395.0 43
1761286854400 1395.0 44
1761286859555 1395.0 45
1761286864653 1395.0 46
1761286869692 1395.0 47
1761286874761 1395.0 48
1761286879818 1395.0 49
1761286884935 1395.0 50
1761286890038 1395.0 51
1761286895104 1395.0 52
1761286900181 1395.0 53
1761286905252 1395.0 54
1761286910415 1395.0 55
1761286915468 1395.0 56
1761286920567 1395.0 57
1761286925641 1395.0 58
1761286930691 1395.0 59
1761286935767 1395.0 60
1761286940903 1395.0 61
1761286946041 1395.0 62
1761286951153 1395.0 63
1761286956230 1395.0 64
1761286961283 1395.0 65
1761286966421 1395.0 66
1761286971510 1395.0 67
1761286976619 1395.0 68
1761286981795 1395.0 69
1761286986888 1395.0 70
1761286991977 1395.0 71
1761286997124 1395.0 72
1761287002201 1395.0 73
1761287007340 1395.0 74
1761287012458 1395.0 75
1761287017587 1395.0 76
1761287022722 1395.0 77
1761287027884 1395.0 78
1761287033017 1395.0 79
1761287038127 1395.0 80
1761287043277 1395.0 81
1761287048415 1395.0 82
1761287053566 1395.0 83
1761287058650 1395.0 84
1761287063706 1395.0 85
1761287068810 1395.0 86
1761287073849 1395.0 87
1761287078910 1395.0 88
1761287083981 1395.0 89
1761287089063 1395.0 90
1761287094144 1395.0 91
1761287099264 1395.0 92
1761287104342 1395.0 93
1761287109533 1395.0 94
1761287114630 1395.0 95
1761287119721 1395.0 96
1761287124784 1395.0 97
1761287129768 1395.0 98
1761287134714 1395.0 99
