1771938649847 3231.0 0
1771938651002 2937.0 1
1771938652356 2431.0 2
1771938653659 2137.0 3
1771938655147 1930.0 4
1771938656543 1728.0 5
1771938658050 1628.0 6
1771938659575 1626.0 7
1771938660940 1619.0 8
1771938662314 1617.0 9
1771938663738 1610.0 10
1771938665079 1519.0 11
1771938666619 1510.0 12
1771938667983 1510.0 13
1771938669334 1410.0 14
1771938670734 1410.0 15
1771938672053 1408.0 16
1771938673391 1408.0 17
1771938674852 1308.0 18
1771938676177 1308.0 19
1771938677611 1308.0 20
1771938678907 1301.0 21
1771938680217 1301.0 22
1771938681630 1299.0 23
1771938683016 1299.0 24
1771938684321 1299.0 25
1771938685764 1299.0 26
1771938687082 1292.0 27
1771938688395 1192.0 28
1771938689772 1190.0 29
1771938691070 1092.0 30
1771938692439 1090.0 31
1771938693776 1090.0 32
1771938695044 1090.0 33
1771938696394 1088.0 34
1771938697638 988.0 35
1771938698912 988.0 36
1771938700286 888.0 37
1771938701625 888.0 38
1771938703059 888.0 39
1771938704361 886.0 40
1771938705618 886.0 41
1771938706962 886.0 42
1771938708215 886.0 43
1771938709572 886.0 44
1771938710913 786.0 45
1771938712213 786.0 46
1771938713562 786.0 47
1771938714955 786.0 48
1771938716221 786.0 49
1771938717625 786.0 50
1771938718957 786.0 51
1771938720282 786.0 52
1771938721672 786.0 53
1771938722975 688.0 54
1771938724332 688.0 55
1771938725801 688.0 56
1771938727105 688.0 57
1771938728612 688.0 58
1771938729977 688.0 59
1771938731292 686.0 60
1771938732735 686.0 61
1771938734086 686.0 62
1771938735430 686.0 63
1771938736871 686.0 64
1771938738243 686.0 65
1771938739538 686.0 66
1771938740919 686.0 67
1771938742223 686.0 68
1771938743628 686.0 69
1771938744981 684.0 70
1771938746295 684.0 71
1771938747673 684.0 72
1771938748971 684.0 73
1771938750304 684.0 74
1771938751737 684.0 75
1771938753038 684.0 76
1771938754478 586.0 77
1771938755885 586.0 78
1771938757233 586.0 79
1771938758642 586.0 80
1771938760008 584.0 81
1771938761334 584.0 82
1771938762765 484.0 83
1771938764108 384.0 84
1771938765517 384.0 85
1771938766967 384.0 86
1771938768314 384.0 87
1771938769759 384.0 88
1771938771117 384.0 89
1771938772460 382.0 90
1771938773868 382.0 91
1771938775276 382.0 92
1771938776601 382.0 93
1771938778002 382.0 94
1771938779308 382.0 95
1771938780748 382.0 96
1771938782061 382.0 97
1771938783368 382.0 98
1771938784765 382.0 99
