1761209693693 1581.0 0
1761209694113 1581.0 1
1761209694452 1581.0 2
1761209694793 1581.0 3
1761209695136 1581.0 4
1761209695471 1581.0 5
1761209695816 1581.0 6
1761209696161 1581.0 7
1761209696505 1581.0 8
1761209696844 1581.0 9
1761209697184 1581.0 10
1761209697521 1581.0 11
1761209697860 1581.0 12
1761209698198 1581.0 13
1761209698538 1581.0 14
1761209698877 1581.0 15
1761209699218 1581.0 16
1761209699561 1581.0 17
1761209699892 1581.0 18
1761209700239 1581.0 19
1761209700575 1581.0 20
1761209700923 1581.0 21
1761209701266 1581.0 22
1761209701613 1581.0 23
1761209701953 1581.0 24
1761209702298 1581.0 25
1761209702643 1581.0 26
1761209702989 1581.0 27
1761209703333 1581.0 28
1761209703681 1581.0 29
1761209704030 1581.0 30
1761209704396 1581.0 31
1761209704757 1581.0 32
1761209705102 1581.0 33
1761209705446 1581.0 34
1761209705784 1581.0 35
1761209706126 1581.0 36
1761209706472 1581.0 37
1761209706825 1581.0 38
1761209707160 1581.0 39
1761209707502 1581.0 40
1761209707849 1581.0 41
1761209708191 1581.0 42
1761209708529 1581.0 43
1761209708878 1581.0 44
1761209709215 1581.0 45
1761209709552 1581.0 46
1761209709894 1581.0 47
1761209710226 1581.0 48
1761209710572 1581.0 49
1761209710907 1581.0 50
1761209711253 1581.0 51
1761209711601 1581.0 52
1761209711937 1581.0 53
1761209712279 1581.0 54
1761209712619 1581.0 55
1761209712957 1581.0 56
1761209713291 1581.0 57
1761209713640 1581.0 58
1761209713988 1581.0 59
1761209714334 1581.0 60
1761209714683 1581.0 61
