1761203297860 2080.0 0
1761203302165 1596.0 1
1761203306604 1596.0 2
1761203311054 1596.0 3
1761203315608 1596.0 4
1761203320271 1596.0 5
1761203325005 1596.0 6
1761203329685 1596.0 7
1761203334475 1596.0 8
1761203339233 1596.0 9
1761203344073 1596.0 10
1761203348878 1596.0 11
1761203353782 1596.0 12
1761203358706 1596.0 13
1761203363645 1596.0 14
1761203368651 1596.0 15
1761203373715 1596.0 16
1761203378787 1596.0 17
1761203383878 1596.0 18
1761203389003 1596.0 19
1761203394083 1596.0 20
1761203399155 1596.0 21
1761203404241 1596.0 22
1761203409317 1596.0 23
1761203414370 1596.0 24
1761203419482 1596.0 25
1761203424567 1596.0 26
1761203429724 1596.0 27
1761203434805 1596.0 28
1761203439905 1596.0 29
1761203445036 1596.0 30
1761203450142 1596.0 31
1761203455225 1596.0 32
1761203460363 1596.0 33
1761203465469 1596.0 34
1761203470605 1596.0 35
1761203475705 1596.0 36
1761203480848 1596.0 37
1761203486049 1596.0 38
1761203491199 1596.0 39
1761203496334 1596.0 40
1761203501511 1596.0 41
1761203506640 1596.0 42
1761203511822 1596.0 43
1761203517185 1596.0 44
1761203522415 1596.0 45
1761203527650 1596.0 46
1761203532865 1596.0 47
1761203538071 1596.0 48
1761203543275 1596.0 49
1761203548518 1596.0 50
1761203553645 1596.0 51
1761203558859 1596.0 52
1761203564048 1596.0 53
1761203569231 1596.0 54
1761203574487 1596.0 55
1761203579652 1596.0 56
1761203584749 1596.0 57
1761203589841 1596.0 58
1761203594955 1596.0 59
1761203600098 1596.0 60
1761203605308 1596.0 61
1761203610403 1596.0 62
1761203615493 1596.0 63
1761203620609 1596.0 64
1761203625697 1596.0 65
1761203630832 1596.0 66
1761203635910 1596.0 67
1761203640935 1596.0 68
1761203645920 1596.0 69
1761203650930 1596.0 70
1761203655944 1596.0 71
1761203661029 1596.0 72
1761203666062 1596.0 73
1761203671068 1596.0 74
1761203676066 1596.0 75
1761203681105 1596.0 76
1761203686135 1596.0 77
1761203691182 1596.0 78
1761203696251 1596.0 79
1761203701344 1596.0 80
1761203706384 1596.0 81
1761203711450 1596.0 82
1761203716520 1596.0 83
1761203721577 1596.0 84
1761203726717 1596.0 85
1761203731803 1596.0 86
1761203736940 1596.0 87
1761203742157 1596.0 88
1761203747295 1596.0 89
1761203752448 1596.0 90
1761203757580 1596.0 91
1761203762661 1596.0 92
1761203767744 1596.0 93
1761203772899 1596.0 94
1761203777967 1596.0 95
1761203783061 1596.0 96
1761203788235 1596.0 97
1761203793401 1596.0 98
1761203798581 1596.0 99
