1771938428141 3340.0 0
1771938430347 3140.0 1
1771938432564 3140.0 2
1771938434857 3140.0 3
1771938437121 3140.0 4
1771938439280 3059.0 5
1771938441473 2952.0 6
1771938443748 2950.0 7
1771938445954 2850.0 8
1771938448184 2842.0 9
1771938450424 2642.0 10
1771938452737 2642.0 11
1771938454971 2642.0 12
1771938457302 2635.0 13
1771938459479 2635.0 14
1771938461647 2635.0 15
1771938463873 2635.0 16
1771938466076 2635.0 17
1771938468452 2635.0 18
1771938470576 2635.0 19
1771938472797 2633.0 20
1771938475131 2533.0 21
1771938477389 2422.0 22
1771938479613 2422.0 23
1771938481923 2330.0 24
1771938484133 2238.0 25
1771938486287 2138.0 26
1771938488467 2138.0 27
1771938490640 2029.0 28
1771938493011 2029.0 29
1771938495207 2029.0 30
1771938497442 2029.0 31
1771938499709 2029.0 32
1771938501864 2029.0 33
1771938504055 1929.0 34
1771938506226 1929.0 35
1771938508603 1929.0 36
1771938510751 1929.0 37
1771938512934 1929.0 38
1771938515151 1929.0 39
1771938517327 1829.0 40
1771938519633 1829.0 41
1771938521815 1829.0 42
1771938523974 1829.0 43
1771938526199 1829.0 44
1771938528468 1629.0 45
1771938530624 1629.0 46
1771938532789 1629.0 47
1771938535052 1629.0 48
1771938537223 1629.0 49
1771938539401 1622.0 50
1771938541636 1622.0 51
1771938543866 1622.0 52
1771938546074 1622.0 53
1771938548376 1622.0 54
1771938550725 1614.0 55
1771938552933 1614.0 56
1771938555136 1614.0 57
1771938557317 1614.0 58
1771938559490 1614.0 59
1771938561658 1614.0 60
1771938563907 1614.0 61
1771938566239 1614.0 62
1771938568433 1516.0 63
1771938570616 1516.0 64
1771938572795 1516.0 65
1771938574974 1416.0 66
1771938577207 1316.0 67
1771938579449 1316.0 68
1771938581670 1316.0 69
1771938583908 1312.0 70
1771938586260 1312.0 71
1771938588486 1312.0 72
1771938590767 1212.0 73
1771938592976 1212.0 74
1771938595142 1212.0 75
1771938597360 1112.0 76
1771938599578 1112.0 77
1771938601794 1112.0 78
1771938604061 1112.0 79
1771938606384 1112.0 80
1771938608598 1112.0 81
1771938610850 1112.0 82
1771938613105 1112.0 83
1771938615299 1112.0 84
1771938617659 1112.0 85
1771938619848 1112.0 86
1771938622053 1112.0 87
1771938624168 1112.0 88
1771938626469 1112.0 89
1771938628551 1112.0 90
1771938630749 1112.0 91
1771938632977 1112.0 92
1771938635219 1112.0 93
1771938637407 1112.0 94
1771938639637 1112.0 95
1771938641842 1112.0 96
1771938644108 1112.0 97
1771938646401 1112.0 98
1771938648584 1112.0 99
