1761102004718 20660.0 0
1761102008160 20560.0 1
1761102011599 20467.0 2
1761102015072 20467.0 3
1761102019024 20465.0 4
1761102027445 20465.0 5
1761102035846 20465.0 6
1761102044086 20463.0 7
1761102052158 20263.0 8
1761102060236 20157.0 9
1761102068336 20044.0 10
1761102076554 19744.0 11
1761102084592 19744.0 12
1761102092824 19644.0 13
1761102100982 19636.0 14
1761102108972 19536.0 15
1761102116844 19536.0 16
1761102124775 19338.0 17
1761102132581 19138.0 18
1761102140507 19025.0 19
1761102148599 19025.0 20
1761102156499 19025.0 21
1761102164436 18925.0 22
1761102172361 18817.0 23
1761102180325 18717.0 24
1761102188230 18517.0 25
1761102196252 18517.0 26
1761102204140 18517.0 27
1761102212151 18517.0 28
1761102220259 18515.0 29
1761102228165 18423.0 30
1761102236061 18323.0 31
1761102244085 18323.0 32
1761102251976 18223.0 33
1761102260157 18223.0 34
1761102266214 18115.0 35
1761102269759 18115.0 36
1761102273261 18115.0 37
1761102276804 18100.0 38
1761102280352 18100.0 39
1761102283858 18000.0 40
1761102287318 18000.0 41
1761102290867 17800.0 42
1761102294405 17800.0 43
1761102297876 17800.0 44
1761102301370 17700.0 45
1761102304832 17700.0 46
1761102308313 17700.0 47
1761102311870 17600.0 48
1761102315345 17392.0 49
1761102318839 17292.0 50
1761102322438 17192.0 51
1761102325948 17192.0 52
1761102329552 17092.0 53
1761102333071 16992.0 54
1761102336588 16992.0 55
1761102340132 16892.0 56
1761102343693 16892.0 57
1761102347290 16792.0 58
1761102350787 16792.0 59
1761102354320 16792.0 60
1761102357844 16792.0 61
1761102361344 16792.0 62
1761102364919 16608.0 63
1761102368432 16608.0 64
1761102371952 16608.0 65
1761102375475 16608.0 66
1761102378967 16515.0 67
1761102382483 16515.0 68
1761102386081 16422.0 69
1761102389622 16422.0 70
1761102393200 16322.0 71
1761102396779 16222.0 72
1761102401734 16122.0 73
1761102410143 16120.0 74
1761102418445 16020.0 75
1761102424313 16020.0 76
1761102427912 16020.0 77
1761102431454 15920.0 78
1761102435087 15920.0 79
1761102438525 15920.0 80
1761102445136 15920.0 81
1761102453106 15820.0 82
1761102461119 15820.0 83
1761102469396 15820.0 84
1761102477472 15620.0 85
1761102482731 15620.0 86
1761102486321 15520.0 87
1761102489977 15428.0 88
1761102493631 15428.0 89
1761102497248 15328.0 90
1761102500879 15328.0 91
1761102504471 15328.0 92
1761102508087 15328.0 93
1761102511695 15022.0 94
1761102515368 14922.0 95
1761102519014 14922.0 96
1761102522698 14922.0 97
1761102529225 14922.0 98
1761102537827 14922.0 99
