1771841931758 3020.0 0
1771841933953 3020.0 1
1771841936271 2907.0 2
1771841938502 2907.0 3
1771841940828 2807.0 4
1771841943086 2807.0 5
1771841945339 2784.0 6
1771841947699 2690.0 7
1771841950005 2690.0 8
1771841952291 2690.0 9
1771841954475 2590.0 10
1771841956726 2590.0 11
1771841959001 2590.0 12
1771841961265 2490.0 13
1771841963607 2490.0 14
1771841965920 2390.0 15
1771841968193 2390.0 16
1771841970423 2290.0 17
1771841972758 2190.0 18
1771841975002 2190.0 19
1771841977366 2190.0 20
1771841979728 2190.0 21
1771841982015 2190.0 22
1771841984199 1988.0 23
1771841986416 1988.0 24
1771841988658 1988.0 25
1771841990914 1898.0 26
1771841993193 1898.0 27
1771841995567 1898.0 28
1771841997898 1796.0 29
1771842000123 1796.0 30
1771842002376 1796.0 31
1771842004635 1796.0 32
1771842006927 1696.0 33
1771842009183 1696.0 34
1771842011422 1696.0 35
1771842013949 1694.0 36
1771842016244 1694.0 37
1771842018536 1694.0 38
1771842020770 1694.0 39
1771842023147 1694.0 40
1771842025474 1694.0 41
1771842027735 1694.0 42
1771842030037 1694.0 43
1771842032431 1694.0 44
1771842034868 1694.0 45
1771842037162 1694.0 46
1771842039460 1694.0 47
1771842041799 1694.0 48
1771842044128 1694.0 49
1771842046412 1694.0 50
1771842048750 1694.0 51
1771842051231 1694.0 52
1771842053568 1694.0 53
1771842055794 1694.0 54
1771842058120 1694.0 55
1771842060511 1694.0 56
1771842062842 1694.0 57
1771842065115 1694.0 58
1771842067499 1694.0 59
1771842069886 1694.0 60
1771842072287 1694.0 61
1771842074576 1694.0 62
1771842076931 1694.0 63
1771842079328 1694.0 64
1771842081590 1694.0 65
1771842083857 1694.0 66
1771842086152 1694.0 67
1771842088383 1630.0 68
1771842090914 1430.0 69
1771842093160 1430.0 70
1771842095544 1430.0 71
1771842097839 1430.0 72
1771842100188 1430.0 73
1771842102488 1422.0 74
1771842104835 1422.0 75
1771842107126 1422.0 76
1771842109471 1422.0 77
1771842111783 1422.0 78
1771842114039 1422.0 79
1771842116401 1422.0 80
1771842118642 1422.0 81
1771842120967 1422.0 82
1771842123212 1422.0 83
1771842125608 1422.0 84
1771842127888 1422.0 85
1771842130229 1422.0 86
1771842132633 1422.0 87
1771842134960 1422.0 88
1771842137315 1422.0 89
1771842139605 1422.0 90
1771842141910 1422.0 91
1771842144203 1422.0 92
1771842146527 1422.0 93
1771842148933 1422.0 94
1771842151273 1422.0 95
1771842153604 1422.0 96
1771842155936 1422.0 97
1771842158227 1422.0 98
1771842160569 1422.0 99
