1761268409706 1987.0 0
1761268410054 1987.0 1
1761268410321 1987.0 2
1761268410593 1987.0 3
1761268410866 1987.0 4
1761268411155 1987.0 5
1761268411428 1987.0 6
1761268411714 1987.0 7
1761268411988 1987.0 8
1761268412258 1987.0 9
1761268412527 1987.0 10
1761268412795 1987.0 11
1761268413062 1987.0 12
1761268413327 1987.0 13
1761268413600 1987.0 14
1761268413871 1987.0 15
1761268414139 1987.0 16
1761268414411 1987.0 17
1761268414679 1987.0 18
1761268414952 1987.0 19
1761268415227 1987.0 20
1761268415492 1987.0 21
1761268415757 1987.0 22
1761268416025 1987.0 23
1761268416292 1987.0 24
1761268416558 1987.0 25
1761268416827 1987.0 26
1761268417094 1987.0 27
1761268417363 1987.0 28
1761268417632 1987.0 29
1761268417899 1987.0 30
1761268418169 1987.0 31
1761268418437 1987.0 32
1761268418708 1987.0 33
1761268418980 1987.0 34
1761268419248 1987.0 35
1761268419535 1987.0 36
1761268419815 1987.0 37
1761268420089 1987.0 38
1761268420366 1987.0 39
1761268420643 1987.0 40
1761268420916 1987.0 41
1761268421187 1987.0 42
1761268421462 1987.0 43
1761268421729 1987.0 44
1761268421998 1987.0 45
1761268422268 1987.0 46
1761268422535 1987.0 47
1761268422801 1987.0 48
1761268423071 1987.0 49
1761268423339 1987.0 50
1761268423612 1987.0 51
1761268423883 1987.0 52
1761268424149 1987.0 53
1761268424421 1987.0 54
1761268424684 1987.0 55
1761268424956 1987.0 56
1761268425226 1987.0 57
1761268425494 1987.0 58
1761268425764 1987.0 59
1761268426037 1987.0 60
1761268426305 1987.0 61
1761268426574 1987.0 62
1761268426845 1987.0 63
1761268427116 1987.0 64
1761268427381 1987.0 65
1761268427656 1987.0 66
1761268427927 1987.0 67
1761268428199 1987.0 68
1761268428466 1987.0 69
1761268428733 1987.0 70
1761268429011 1987.0 71
1761268429284 1987.0 72
1761268429557 1987.0 73
1761268429826 1987.0 74
1761268430099 1987.0 75
1761268430367 1987.0 76
1761268430642 1987.0 77
1761268430921 1987.0 78
1761268431194 1987.0 79
1761268431471 1987.0 80
1761268431739 1987.0 81
1761268432006 1987.0 82
1761268432274 1987.0 83
1761268432545 1987.0 84
1761268432816 1987.0 85
1761268433087 1987.0 86
1761268433356 1987.0 87
1761268433624 1987.0 88
1761268433893 1987.0 89
1761268434168 1987.0 90
1761268434438 1987.0 91
1761268434709 1987.0 92
1761268434982 1987.0 93
1761268435253 1987.0 94
1761268435519 1987.0 95
1761268435789 1987.0 96
1761268436059 1987.0 97
1761268436331 1987.0 98
1761268436606 1987.0 99
