1761268905107 3252.0 0
1761268905573 2762.0 1
1761268906031 2524.0 2
1761268906468 2244.0 3
1761268906923 2034.0 4
1761268907365 1934.0 5
1761268907815 1834.0 6
1761268908260 1828.0 7
1761268908746 1734.0 8
1761268909184 1728.0 9
1761268909628 1628.0 10
1761268910056 1628.0 11
1761268910490 1528.0 12
1761268910925 1434.0 13
1761268911366 1434.0 14
1761268911807 1434.0 15
1761268912306 1434.0 16
1761268912760 1334.0 17
1761268913201 1234.0 18
1761268913654 1234.0 19
1761268914112 1234.0 20
1761268914558 1226.0 21
1761268915017 1134.0 22
1761268915470 1034.0 23
1761268915970 1034.0 24
1761268916417 1034.0 25
1761268916866 1034.0 26
1761268917330 934.0 27
1761268917789 834.0 28
1761268918256 834.0 29
1761268918714 832.0 30
1761268919166 832.0 31
1761268919668 832.0 32
1761268920110 832.0 33
1761268920571 832.0 34
1761268921018 738.0 35
1761268921465 738.0 36
1761268921923 738.0 37
1761268922383 737.0 38
1761268922839 731.0 39
1761268923294 731.0 40
1761268923809 631.0 41
1761268924272 631.0 42
1761268924728 631.0 43
1761268925190 631.0 44
1761268925642 631.0 45
1761268926100 631.0 46
1761268926552 629.0 47
1761268926995 629.0 48
1761268927495 629.0 49
1761268927941 621.0 50
1761268928392 621.0 51
1761268928839 521.0 52
1761268929293 521.0 53
1761268929747 521.0 54
1761268930201 521.0 55
1761268930662 521.0 56
1761268931167 521.0 57
1761268931620 521.0 58
1761268932077 521.0 59
1761268932544 521.0 60
1761268933001 521.0 61
1761268933458 521.0 62
1761268933921 521.0 63
1761268934377 521.0 64
1761268934889 513.0 65
1761268935343 420.0 66
1761268935804 420.0 67
1761268936264 420.0 68
1761268936740 420.0 69
1761268937198 420.0 70
1761268937659 420.0 71
1761268938140 420.0 72
1761268938623 420.0 73
1761268939151 420.0 74
1761268939622 420.0 75
1761268940098 413.0 76
1761268940568 413.0 77
1761268941040 412.0 78
1761268941506 412.0 79
1761268941972 412.0 80
1761268942444 412.0 81
1761268942954 412.0 82
1761268943424 412.0 83
1761268943890 412.0 84
1761268944367 406.0 85
1761268944823 406.0 86
1761268945272 399.0 87
1761268945724 399.0 88
1761268946173 399.0 89
1761268946671 399.0 90
1761268947110 399.0 91
1761268947555 399.0 92
1761268948006 399.0 93
1761268948462 399.0 94
1761268948930 399.0 95
1761268949380 393.0 96
1761268949822 393.0 97
1761268950315 393.0 98
1761268950753 393.0 99
