1761207171587 3534.0 0
1761207178249 3534.0 1
1761207184906 3534.0 2
1761207191865 3481.0 3
1761207198884 3437.0 4
1761207206062 2871.0 5
1761207213254 2871.0 6
1761207220579 2871.0 7
1761207227985 2871.0 8
1761207235446 2871.0 9
1761207242918 2871.0 10
1761207250497 2871.0 11
1761207258080 2871.0 12
1761207265711 2871.0 13
1761207273409 2871.0 14
1761207281068 2871.0 15
1761207288813 2871.0 16
1761207296578 2871.0 17
1761207304434 2871.0 18
1761207312255 2871.0 19
1761207320033 2871.0 20
1761207328290 2871.0 21
1761207336183 2871.0 22
1761207344065 2871.0 23
1761207351982 2871.0 24
1761207359905 2871.0 25
1761207367840 2871.0 26
1761207375856 2871.0 27
1761207383785 2871.0 28
1761207391722 2871.0 29
1761207399582 2871.0 30
1761207407828 2871.0 31
1761207415929 2871.0 32
1761207424010 2871.0 33
1761207431928 2871.0 34
1761207439909 2871.0 35
1761207447888 2871.0 36
1761207455901 2871.0 37
1761207463919 2871.0 38
1761207471909 2871.0 39
1761207479834 2871.0 40
1761207487795 2871.0 41
1761207495786 2871.0 42
1761207503730 2871.0 43
1761207511705 2871.0 44
1761207519651 2871.0 45
1761207527557 2871.0 46
1761207535542 2871.0 47
1761207543494 2871.0 48
1761207551383 2871.0 49
1761207559324 2871.0 50
1761207567280 2871.0 51
1761207575222 2871.0 52
1761207583145 2871.0 53
1761207591099 2871.0 54
1761207599075 2871.0 55
1761207607085 2871.0 56
1761207615050 2871.0 57
1761207622877 2871.0 58
1761207630806 2871.0 59
1761207639563 2871.0 60
1761207649670 2871.0 61
1761207658849 2871.0 62
1761207666815 2871.0 63
1761207674750 2871.0 64
1761207682738 2871.0 65
1761207690660 2871.0 66
1761207698621 2871.0 67
1761207706592 2871.0 68
1761207714553 2871.0 69
1761207722444 2871.0 70
1761207730445 2871.0 71
1761207738405 2871.0 72
1761207746363 2871.0 73
1761207754298 2871.0 74
1761207762268 2871.0 75
1761207770255 2871.0 76
1761207778204 2871.0 77
1761207786201 2871.0 78
1761207794148 2871.0 79
1761207802093 2871.0 80
1761207810056 2871.0 81
1761207818059 2871.0 82
1761207826055 2871.0 83
1761207834016 2871.0 84
1761207841896 2871.0 85
1761207849729 2871.0 86
1761207857521 2871.0 87
1761207865368 2871.0 88
1761207873246 2871.0 89
1761207881091 2871.0 90
1761207888953 2871.0 91
1761207896886 2871.0 92
1761207904800 2871.0 93
1761207912691 2871.0 94
1761207920559 2871.0 95
1761207928488 2871.0 96
1761207936377 2871.0 97
1761207944219 2871.0 98
1761207952117 2871.0 99
