1761200391189 3052.0 0
1761200392056 2952.0 1
1761200392947 2952.0 2
1761200393825 2952.0 3
1761200394709 2952.0 4
1761200395581 2952.0 5
1761200396448 2924.0 6
1761200397332 2924.0 7
1761200398208 2724.0 8
1761200399081 2724.0 9
1761200399981 2624.0 10
1761200400879 2624.0 11
1761200401736 2624.0 12
1761200402631 2624.0 13
1761200403529 2624.0 14
1761200404419 2624.0 15
1761200405304 2624.0 16
1761200406186 2622.0 17
1761200407048 2622.0 18
1761200407929 2537.0 19
1761200408821 2437.0 20
1761200409708 2437.0 21
1761200410605 2337.0 22
1761200411518 2337.0 23
1761200412407 2337.0 24
1761200413274 2337.0 25
1761200414139 2337.0 26
1761200415008 2329.0 27
1761200415876 2299.0 28
1761200416752 2299.0 29
1761200417620 2199.0 30
1761200418499 2199.0 31
1761200419364 2157.0 32
1761200420226 2057.0 33
1761200421098 1936.0 34
1761200421996 1936.0 35
1761200422868 1936.0 36
1761200423744 1936.0 37
1761200424605 1936.0 38
1761200425467 1936.0 39
1761200426320 1836.0 40
1761200427208 1836.0 41
1761200428068 1736.0 42
1761200428928 1736.0 43
1761200429782 1736.0 44
1761200430659 1736.0 45
1761200431509 1636.0 46
1761200432406 1636.0 47
1761200433243 1636.0 48
1761200434081 1636.0 49
1761200434954 1636.0 50
1761200435789 1636.0 51
1761200436641 1634.0 52
1761200437503 1626.0 53
1761200438374 1626.0 54
1761200439236 1539.0 55
1761200440084 1539.0 56
1761200440938 1539.0 57
1761200441793 1539.0 58
1761200442661 1539.0 59
1761200443501 1539.0 60
1761200444342 1539.0 61
1761200445202 1539.0 62
1761200446044 1333.0 63
1761200446902 1333.0 64
1761200447763 1333.0 65
1761200448661 1333.0 66
1761200449520 1333.0 67
1761200450367 1233.0 68
1761200451219 1233.0 69
1761200452097 1233.0 70
1761200452967 1233.0 71
1761200453817 1233.0 72
1761200454658 1233.0 73
1761200455515 1233.0 74
1761200456391 1233.0 75
1761200457250 1213.0 76
1761200458116 1213.0 77
1761200458976 1213.0 78
1761200459822 1213.0 79
1761200460671 1213.0 80
1761200461506 1213.0 81
1761200462337 1213.0 82
1761200463207 1213.0 83
1761200464035 1213.0 84
1761200464875 1188.0 85
1761200465714 1188.0 86
1761200466550 1188.0 87
1761200467391 1188.0 88
1761200468215 1188.0 89
1761200469065 1188.0 90
1761200469942 1188.0 91
1761200470801 1188.0 92
1761200471652 1188.0 93
1761200472504 1188.0 94
1761200473439 1188.0 95
1761200474327 1188.0 96
1761200475194 1188.0 97
1761200476061 1188.0 98
1761200476923 1188.0 99
