1761209463399 3025.0 0
1761209463887 2937.0 1
1761209464406 2440.0 2
1761209464896 2220.0 3
1761209465350 2025.0 4
1761209465803 1923.0 5
1761209466242 1918.0 6
1761209466689 1918.0 7
1761209467176 1818.0 8
1761209467604 1818.0 9
1761209468045 1818.0 10
1761209468481 1818.0 11
1761209468919 1811.0 12
1761209469365 1711.0 13
1761209469803 1711.0 14
1761209470240 1611.0 15
1761209470734 1611.0 16
1761209471177 1511.0 17
1761209471621 1511.0 18
1761209472065 1511.0 19
1761209472499 1511.0 20
1761209472945 1511.0 21
1761209473382 1511.0 22
1761209473823 1511.0 23
1761209474319 1406.0 24
1761209474757 1306.0 25
1761209475189 1306.0 26
1761209475632 1306.0 27
1761209476066 1306.0 28
1761209476503 1213.0 29
1761209476949 1213.0 30
1761209477395 1213.0 31
1761209477895 1213.0 32
1761209478344 1113.0 33
1761209478795 1113.0 34
1761209479247 1113.0 35
1761209479709 1113.0 36
1761209480170 1113.0 37
1761209480626 1113.0 38
1761209481099 1113.0 39
1761209481559 1113.0 40
1761209482073 1113.0 41
1761209482528 1113.0 42
1761209482983 913.0 43
1761209483449 913.0 44
1761209483922 913.0 45
1761209484371 913.0 46
1761209484837 913.0 47
1761209485289 913.0 48
1761209485804 913.0 49
1761209486267 913.0 50
1761209486724 905.0 51
1761209487181 905.0 52
1761209487620 905.0 53
1761209488060 805.0 54
1761209488492 805.0 55
1761209488928 805.0 56
1761209489415 805.0 57
1761209489852 805.0 58
1761209490298 712.0 59
1761209490741 705.0 60
1761209491183 705.0 61
1761209491632 705.0 62
1761209492071 705.0 63
1761209492519 705.0 64
1761209493024 705.0 65
1761209493459 705.0 66
1761209493891 605.0 67
1761209494339 605.0 68
1761209494781 605.0 69
1761209495229 605.0 70
1761209495674 605.0 71
1761209496122 605.0 72
1761209496559 605.0 73
1761209497055 605.0 74
1761209497496 605.0 75
1761209497936 605.0 76
1761209498374 604.0 77
1761209498806 604.0 78
1761209499257 604.0 79
1761209499694 604.0 80
1761209500144 604.0 81
1761209500628 604.0 82
1761209501080 604.0 83
1761209501530 604.0 84
1761209501984 604.0 85
1761209502422 604.0 86
1761209502861 604.0 87
1761209503308 604.0 88
1761209503752 604.0 89
1761209504253 604.0 90
1761209504695 604.0 91
1761209505146 604.0 92
1761209505591 504.0 93
1761209506030 504.0 94
1761209506471 504.0 95
1761209506915 504.0 96
1761209507355 504.0 97
1761209507840 504.0 98
1761209508292 504.0 99
