1761277120070 1994.0 0
1761277120424 1508.0 1
1761277120751 1124.0 2
1761277121108 1000.0 3
1761277121457 900.0 4
1761277121792 800.0 5
1761277122114 792.0 6
1761277122448 783.0 7
1761277122780 783.0 8
1761277123108 783.0 9
1761277123435 783.0 10
1761277123756 783.0 11
1761277124085 683.0 12
1761277124460 683.0 13
1761277124783 583.0 14
1761277125113 575.0 15
1761277125445 575.0 16
1761277125778 573.0 17
1761277126105 573.0 18
1761277126431 573.0 19
1761277126750 573.0 20
1761277127078 473.0 21
1761277127399 473.0 22
1761277127722 465.0 23
1761277128048 465.0 24
1761277128425 465.0 25
1761277128740 465.0 26
1761277129059 465.0 27
1761277129374 465.0 28
1761277129691 465.0 29
1761277130012 465.0 30
1761277130333 465.0 31
1761277130652 465.0 32
1761277130978 465.0 33
1761277131307 465.0 34
1761277131629 465.0 35
1761277131953 465.0 36
1761277132326 465.0 37
1761277132644 465.0 38
1761277132959 465.0 39
1761277133274 463.0 40
1761277133582 463.0 41
1761277133895 463.0 42
1761277134207 463.0 43
1761277134508 463.0 44
1761277134825 463.0 45
1761277135136 463.0 46
1761277135443 463.0 47
1761277135754 463.0 48
1761277136116 463.0 49
1761277136430 463.0 50
1761277136738 463.0 51
1761277137051 463.0 52
1761277137367 463.0 53
1761277137673 463.0 54
1761277137990 463.0 55
1761277138302 463.0 56
1761277138621 363.0 57
1761277138952 363.0 58
1761277139272 363.0 59
1761277139601 363.0 60
1761277139975 363.0 61
1761277140305 363.0 62
1761277140620 363.0 63
1761277140939 363.0 64
1761277141261 363.0 65
1761277141585 363.0 66
1761277141911 363.0 67
1761277142231 363.0 68
1761277142554 363.0 69
1761277142883 363.0 70
1761277143206 363.0 71
1761277143531 363.0 72
1761277143909 363.0 73
1761277144231 363.0 74
1761277144551 363.0 75
1761277144874 363.0 76
1761277145199 363.0 77
1761277145521 363.0 78
1761277145850 363.0 79
1761277146175 265.0 80
1761277146510 265.0 81
1761277146851 265.0 82
1761277147187 265.0 83
1761277147519 265.0 84
1761277147900 265.0 85
1761277148234 265.0 86
1761277148573 265.0 87
1761277148915 265.0 88
1761277149259 265.0 89
1761277149594 259.0 90
1761277149956 257.0 91
1761277150308 257.0 92
1761277150645 257.0 93
1761277150988 257.0 94
1761277151327 257.0 95
1761277151666 257.0 96
1761277152080 257.0 97
1761277152418 257.0 98
1761277152748 257.0 99
