1761190307749 2087.0 0
1761190313972 2087.0 1
1761190320220 2087.0 2
1761190326546 2086.0 3
1761190333014 1477.0 4
1761190339486 1477.0 5
1761190346060 1477.0 6
1761190352732 1477.0 7
1761190359540 1477.0 8
1761190366347 1477.0 9
1761190373146 1477.0 10
1761190380045 1477.0 11
1761190387019 1477.0 12
1761190393965 1477.0 13
1761190400972 1477.0 14
1761190407982 1477.0 15
1761190415021 1477.0 16
1761190422202 1477.0 17
1761190429320 1477.0 18
1761190436459 1477.0 19
1761190443641 1477.0 20
1761190450829 1477.0 21
1761190457984 1477.0 22
1761190465177 1477.0 23
1761190472279 1477.0 24
1761190479362 1477.0 25
1761190486458 1477.0 26
1761190493501 1477.0 27
1761190500591 1477.0 28
1761190507732 1477.0 29
1761190514752 1477.0 30
1761190521760 1477.0 31
1761190528787 1477.0 32
1761190535804 1477.0 33
1761190542915 1477.0 34
1761190549934 1477.0 35
1761190556958 1477.0 36
1761190563997 1477.0 37
1761190571057 1477.0 38
1761190578065 1477.0 39
1761190585067 1477.0 40
1761190592040 1477.0 41
1761190599116 1477.0 42
1761190606124 1477.0 43
1761190613134 1477.0 44
1761190620249 1477.0 45
1761190627374 1477.0 46
1761190634366 1477.0 47
1761190641351 1477.0 48
1761190648300 1477.0 49
1761190655282 1477.0 50
1761190662365 1477.0 51
1761190669502 1477.0 52
1761190676595 1477.0 53
1761190683625 1477.0 54
1761190690681 1477.0 55
1761190697705 1477.0 56
1761190704728 1477.0 57
1761190711776 1477.0 58
1761190718899 1477.0 59
1761190725936 1477.0 60
1761190732912 1477.0 61
1761190739939 1477.0 62
1761190746946 1477.0 63
1761190753980 1477.0 64
1761190760994 1477.0 65
1761190767956 1477.0 66
1761190774959 1477.0 67
1761190782087 1477.0 68
1761190789156 1477.0 69
1761190796209 1477.0 70
1761190803282 1477.0 71
1761190810344 1477.0 72
1761190817442 1477.0 73
1761190824485 1477.0 74
1761190831534 1477.0 75
1761190838627 1477.0 76
1761190845734 1477.0 77
1761190852737 1477.0 78
1761190859761 1477.0 79
1761190866851 1477.0 80
1761190873988 1477.0 81
1761190881095 1477.0 82
1761190888186 1477.0 83
1761190895257 1477.0 84
1761190902354 1477.0 85
1761190909438 1477.0 86
1761190916512 1477.0 87
1761190923582 1477.0 88
1761190930776 1477.0 89
1761190937812 1477.0 90
1761190944930 1477.0 91
1761190951983 1477.0 92
1761190959024 1477.0 93
1761190966211 1477.0 94
1761190973248 1477.0 95
1761190980303 1477.0 96
1761190987388 1477.0 97
1761190994498 1477.0 98
1761191001537 1477.0 99
