1761205626346 1808.0 0
1761205626657 1808.0 1
1761205626915 1808.0 2
1761205627171 1808.0 3
1761205627427 1808.0 4
1761205627687 1808.0 5
1761205627947 1808.0 6
1761205628217 1808.0 7
1761205628491 1808.0 8
1761205628753 1808.0 9
1761205629013 1808.0 10
1761205629270 1808.0 11
1761205629541 1808.0 12
1761205629805 1808.0 13
1761205630062 1808.0 14
1761205630321 1808.0 15
1761205630576 1808.0 16
1761205630838 1808.0 17
1761205631102 1808.0 18
1761205631357 1808.0 19
1761205631619 1808.0 20
1761205631878 1808.0 21
1761205632138 1808.0 22
1761205632397 1808.0 23
1761205632661 1808.0 24
1761205632916 1808.0 25
1761205633172 1808.0 26
1761205633430 1808.0 27
1761205633691 1808.0 28
1761205633949 1808.0 29
1761205634208 1808.0 30
1761205634462 1808.0 31
1761205634716 1808.0 32
1761205634974 1808.0 33
1761205635232 1808.0 34
1761205635484 1808.0 35
1761205635740 1808.0 36
1761205635998 1808.0 37
1761205636260 1808.0 38
1761205636532 1808.0 39
1761205636798 1808.0 40
1761205637065 1808.0 41
1761205637331 1808.0 42
1761205637590 1808.0 43
1761205637846 1808.0 44
1761205638106 1808.0 45
1761205638364 1808.0 46
1761205638620 1808.0 47
1761205638881 1808.0 48
1761205639134 1808.0 49
1761205639393 1808.0 50
1761205639652 1808.0 51
1761205639909 1808.0 52
1761205640170 1808.0 53
1761205640427 1808.0 54
1761205640686 1808.0 55
1761205640952 1808.0 56
1761205641209 1808.0 57
1761205641466 1808.0 58
1761205641720 1808.0 59
1761205641975 1808.0 60
1761205642236 1808.0 61
1761205642491 1808.0 62
1761205642746 1808.0 63
1761205643006 1808.0 64
1761205643261 1808.0 65
1761205643519 1808.0 66
1761205643774 1808.0 67
1761205644032 1808.0 68
1761205644289 1808.0 69
1761205644545 1808.0 70
1761205644803 1808.0 71
1761205645061 1808.0 72
1761205645324 1808.0 73
1761205645583 1808.0 74
1761205645840 1808.0 75
1761205646099 1808.0 76
1761205646358 1808.0 77
1761205646614 1808.0 78
1761205646872 1808.0 79
1761205647129 1808.0 80
1761205647389 1808.0 81
1761205647647 1808.0 82
1761205647909 1808.0 83
1761205648178 1808.0 84
1761205648437 1808.0 85
1761205648696 1808.0 86
1761205648958 1808.0 87
1761205649216 1808.0 88
1761205649476 1808.0 89
1761205649738 1808.0 90
1761205649997 1808.0 91
1761205650260 1808.0 92
1761205650522 1808.0 93
1761205650774 1808.0 94
1761205651033 1808.0 95
1761205651290 1808.0 96
1761205651540 1808.0 97
1761205651797 1808.0 98
1761205652055 1808.0 99
