1761209726959 2278.0 0
1761209727316 2278.0 1
1761209727618 2278.0 2
1761209727910 2278.0 3
1761209728224 2278.0 4
1761209728534 2278.0 5
1761209728840 2278.0 6
1761209729136 2278.0 7
1761209729437 2278.0 8
1761209729729 2278.0 9
1761209730021 2278.0 10
1761209730311 2278.0 11
1761209730602 2278.0 12
1761209730895 2278.0 13
1761209731187 2278.0 14
1761209731483 2278.0 15
1761209731775 2278.0 16
1761209732070 2278.0 17
1761209732366 2278.0 18
1761209732662 2278.0 19
1761209732951 2278.0 20
1761209733241 2278.0 21
1761209733533 2278.0 22
1761209733824 2278.0 23
1761209734113 2278.0 24
1761209734401 2278.0 25
1761209734695 2278.0 26
1761209734986 2278.0 27
1761209735282 2278.0 28
1761209735578 2278.0 29
1761209735867 2278.0 30
1761209736156 2278.0 31
1761209736451 2278.0 32
1761209736747 2278.0 33
1761209737038 2278.0 34
1761209737347 2278.0 35
1761209737645 2278.0 36
1761209737938 2278.0 37
1761209738243 2278.0 38
1761209738535 2278.0 39
1761209738836 2278.0 40
1761209739129 2278.0 41
1761209739420 2278.0 42
1761209739714 2278.0 43
1761209740006 2278.0 44
1761209740297 2278.0 45
1761209740588 2278.0 46
1761209740882 2278.0 47
1761209741172 2278.0 48
1761209741466 2278.0 49
1761209741759 2278.0 50
1761209742050 2278.0 51
1761209742346 2278.0 52
1761209742639 2278.0 53
1761209742927 2278.0 54
1761209743220 2278.0 55
1761209743513 2278.0 56
1761209743814 2278.0 57
1761209744115 2278.0 58
1761209744411 2278.0 59
1761209744703 2278.0 60
1761209745001 2278.0 61
1761209745296 2278.0 62
1761209745590 2278.0 63
1761209745894 2278.0 64
1761209746188 2278.0 65
1761209746480 2278.0 66
1761209746770 2278.0 67
1761209747065 2278.0 68
1761209747356 2278.0 69
1761209747649 2278.0 70
1761209747946 2278.0 71
1761209748239 2278.0 72
1761209748532 2278.0 73
1761209748841 2278.0 74
1761209749139 2278.0 75
1761209749436 2278.0 76
1761209749734 2278.0 77
1761209750028 2278.0 78
1761209750327 2278.0 79
1761209750622 2278.0 80
1761209750918 2278.0 81
1761209751212 2278.0 82
1761209751512 2278.0 83
1761209751807 2278.0 84
1761209752103 2278.0 85
1761209752396 2278.0 86
1761209752694 2278.0 87
1761209752993 2278.0 88
1761209753290 2278.0 89
1761209753585 2278.0 90
1761209753878 2278.0 91
1761209754179 2278.0 92
1761209754474 2278.0 93
1761209754767 2278.0 94
1761209755065 2278.0 95
1761209755359 2278.0 96
1761209755656 2278.0 97
1761209755951 2278.0 98
1761209756244 2278.0 99
