1761196338875 3226.0 0
1761196339694 3226.0 1
1761196340501 3126.0 2
1761196341320 3024.0 3
1761196342139 3024.0 4
1761196342964 3024.0 5
1761196343797 3024.0 6
1761196344618 3024.0 7
1761196345447 3024.0 8
1761196346285 2824.0 9
1761196347123 2824.0 10
1761196347946 2824.0 11
1761196348783 2733.0 12
1761196349608 2733.0 13
1761196350433 2733.0 14
1761196351263 2733.0 15
1761196352097 2733.0 16
1761196352928 2733.0 17
1761196353776 2733.0 18
1761196354615 2729.0 19
1761196355457 2729.0 20
1761196356312 2729.0 21
1761196357196 2729.0 22
1761196358037 2640.0 23
1761196358888 2640.0 24
1761196359716 2629.0 25
1761196360550 2598.0 26
1761196361383 2596.0 27
1761196362224 2596.0 28
1761196363059 2540.0 29
1761196363887 2540.0 30
1761196364725 2540.0 31
1761196365561 2440.0 32
1761196366397 2396.0 33
1761196367273 2301.0 34
1761196368119 2301.0 35
1761196368962 2201.0 36
1761196369804 2201.0 37
1761196370639 2201.0 38
1761196371483 2201.0 39
1761196372315 2201.0 40
1761196373157 2201.0 41
1761196373995 2201.0 42
1761196374843 2132.0 43
1761196375692 2132.0 44
1761196376541 2132.0 45
1761196377404 2034.0 46
1761196378263 2027.0 47
1761196379097 2027.0 48
1761196379937 2027.0 49
1761196380797 2027.0 50
1761196381652 2027.0 51
1761196382505 2027.0 52
1761196383369 1932.0 53
1761196384211 1825.0 54
1761196385078 1825.0 55
1761196385919 1825.0 56
1761196386769 1825.0 57
1761196387647 1825.0 58
1761196388506 1825.0 59
1761196389361 1825.0 60
1761196390202 1819.0 61
1761196391045 1819.0 62
1761196391917 1812.0 63
1761196392761 1812.0 64
1761196393631 1812.0 65
1761196394492 1712.0 66
1761196395341 1712.0 67
1761196396196 1712.0 68
1761196397067 1712.0 69
1761196397915 1712.0 70
1761196398760 1712.0 71
1761196399634 1712.0 72
1761196400482 1704.0 73
1761196401335 1704.0 74
1761196402173 1704.0 75
1761196403001 1614.0 76
1761196403861 1506.0 77
1761196404702 1406.0 78
1761196405562 1406.0 79
1761196406400 1406.0 80
1761196407240 1404.0 81
1761196408089 1404.0 82
1761196408954 1404.0 83
1761196409871 1304.0 84
1761196410744 1304.0 85
1761196411604 1304.0 86
1761196412471 1304.0 87
1761196413334 1304.0 88
1761196414201 1304.0 89
1761196415054 1304.0 90
1761196415918 1211.0 91
1761196416785 1211.0 92
1761196417650 1211.0 93
1761196418532 1211.0 94
1761196419414 1211.0 95
1761196420280 1211.0 96
1761196421155 1211.0 97
1761196422041 1211.0 98
1761196422911 1211.0 99
