1761290208338 1648.0 0
1761290208991 1548.0 1
1761290209695 1548.0 2
1761290210404 1548.0 3
1761290211102 1548.0 4
1761290211825 1548.0 5
1761290212550 1548.0 6
1761290213275 1448.0 7
1761290213981 1448.0 8
1761290214706 1448.0 9
1761290215389 1348.0 10
1761290216070 1348.0 11
1761290216784 1248.0 12
1761290217495 1248.0 13
1761290218186 1248.0 14
1761290218892 1248.0 15
1761290219626 1248.0 16
1761290220333 1248.0 17
1761290221050 1248.0 18
1761290221856 1248.0 19
1761290222556 1248.0 20
1761290223256 1248.0 21
1761290223972 1248.0 22
1761290224690 1248.0 23
1761290225424 1248.0 24
1761290226193 1248.0 25
1761290226860 1248.0 26
1761290227548 1248.0 27
1761290228250 1248.0 28
1761290228976 1248.0 29
1761290229684 1248.0 30
1761290230410 1248.0 31
1761290231113 1248.0 32
1761290231742 1247.0 33
1761290232495 1247.0 34
1761290233195 1247.0 35
1761290233940 1247.0 36
1761290234627 1247.0 37
1761290235330 1247.0 38
1761290236059 1247.0 39
1761290236784 1247.0 40
1761290237528 1247.0 41
1761290238283 1247.0 42
1761290238994 1247.0 43
1761290239710 1247.0 44
1761290240374 1247.0 45
1761290241035 1247.0 46
1761290241722 1247.0 47
1761290242420 1247.0 48
1761290243115 1247.0 49
1761290243797 1247.0 50
1761290244494 1247.0 51
1761290245213 1247.0 52
1761290245961 1247.0 53
1761290246674 1247.0 54
1761290247383 1247.0 55
1761290248117 1247.0 56
1761290248789 1247.0 57
1761290249501 1247.0 58
1761290250189 1247.0 59
1761290250882 1247.0 60
1761290251598 1051.0 61
1761290252328 951.0 62
1761290252982 951.0 63
1761290253717 951.0 64
1761290254428 951.0 65
1761290255100 951.0 66
1761290255782 951.0 67
1761290256504 951.0 68
1761290257179 951.0 69
1761290257891 951.0 70
1761290258577 886.0 71
1761290259286 886.0 72
1761290259970 886.0 73
1761290260691 886.0 74
1761290261372 886.0 75
1761290262106 886.0 76
1761290262779 886.0 77
1761290263574 886.0 78
1761290264307 886.0 79
1761290265046 886.0 80
1761290265763 886.0 81
1761290266443 886.0 82
1761290267164 886.0 83
1761290267809 886.0 84
1761290268551 886.0 85
1761290269292 886.0 86
1761290269985 886.0 87
1761290270674 886.0 88
1761290271382 886.0 89
1761290272118 886.0 90
1761290272813 886.0 91
1761290273511 886.0 92
1761290274180 886.0 93
1761290274879 886.0 94
1761290275602 886.0 95
1761290276310 859.0 96
1761290276987 859.0 97
1761290277674 859.0 98
1761290278321 859.0 99
