1761207171293 2152.0 0
1761207171614 1683.0 1
1761207171954 1274.0 2
1761207172292 1166.0 3
1761207172633 1074.0 4
1761207172974 1066.0 5
1761207173310 1066.0 6
1761207173646 1066.0 7
1761207173974 1066.0 8
1761207174368 1066.0 9
1761207174706 1066.0 10
1761207175043 1066.0 11
1761207175380 1066.0 12
1761207175714 1064.0 13
1761207176041 1064.0 14
1761207176365 1064.0 15
1761207176693 1064.0 16
1761207177011 1064.0 17
1761207177402 1062.0 18
1761207177731 1062.0 19
1761207178054 1062.0 20
1761207178376 1062.0 21
1761207178702 1062.0 22
1761207179028 1062.0 23
1761207179359 1062.0 24
1761207179688 1062.0 25
1761207180013 1062.0 26
1761207180388 1062.0 27
1761207180716 1062.0 28
1761207181042 1062.0 29
1761207181367 1055.0 30
1761207181686 1048.0 31
1761207182004 1048.0 32
1761207182322 1048.0 33
1761207182642 1048.0 34
1761207182967 1048.0 35
1761207183285 1048.0 36
1761207183666 1048.0 37
1761207183983 1048.0 38
1761207184304 1048.0 39
1761207184633 1048.0 40
1761207184953 1048.0 41
1761207185271 1048.0 42
1761207185594 948.0 43
1761207185913 948.0 44
1761207186231 942.0 45
1761207186598 942.0 46
1761207186915 942.0 47
1761207187229 942.0 48
1761207187554 942.0 49
1761207187875 942.0 50
1761207188190 942.0 51
1761207188508 942.0 52
1761207188829 942.0 53
1761207189149 941.0 54
1761207189474 941.0 55
1761207189854 941.0 56
1761207190165 841.0 57
1761207190502 841.0 58
1761207190824 841.0 59
1761207191148 841.0 60
1761207191483 841.0 61
1761207191813 841.0 62
1761207192149 841.0 63
1761207192475 841.0 64
1761207192853 841.0 65
1761207193183 741.0 66
1761207193513 741.0 67
1761207193838 741.0 68
1761207194174 741.0 69
1761207194506 741.0 70
1761207194840 741.0 71
1761207195164 741.0 72
1761207195492 741.0 73
1761207195822 741.0 74
1761207196197 741.0 75
1761207196528 741.0 76
1761207196858 741.0 77
1761207197191 741.0 78
1761207197519 641.0 79
1761207197859 641.0 80
1761207198195 641.0 81
1761207198532 641.0 82
1761207198869 641.0 83
1761207199253 641.0 84
1761207199594 641.0 85
1761207199937 641.0 86
1761207200272 641.0 87
1761207200612 641.0 88
1761207200946 641.0 89
1761207201279 641.0 90
1761207201620 641.0 91
1761207201957 641.0 92
1761207202343 641.0 93
1761207202680 641.0 94
1761207203014 641.0 95
1761207203356 641.0 96
1761207203694 641.0 97
1761207204039 541.0 98
1761207204372 541.0 99
