1771363301906 21892.0 0
1771363360370 20378.0 1
1771363420410 20378.0 2
1771363480654 20378.0 3
1771363541919 19801.0 4
1771363604753 19801.0 5
1771363664110 19801.0 6
1771363720712 19801.0 7
1771363778908 19801.0 8
1771363837828 19801.0 9
1771363897428 19801.0 10
1771363958134 19801.0 11
1771364019367 19801.0 12
1771364081644 19801.0 13
1771364154739 19801.0 14
1771364227335 19801.0 15
1771364300337 19801.0 16
1771364373155 19801.0 17
1771364446929 19801.0 18
1771364520752 19801.0 19
1771364595196 19801.0 20
1771364669181 19801.0 21
1771364744508 19801.0 22
1771364822891 19801.0 23
1771364904144 19801.0 24
1771364982018 19801.0 25
1771365059948 19801.0 26
1771365138285 19801.0 27
1771365215222 19801.0 28
1771365292829 19801.0 29
1771365369558 19801.0 30
1771365446432 19801.0 31
1771365522721 19801.0 32
1771365599773 19801.0 33
1771365676114 19801.0 34
1771365747089 19801.0 35
1771365814171 19801.0 36
1771365881359 19801.0 37
1771365954605 19801.0 38
1771366030471 19801.0 39
1771366106689 19801.0 40
1771366181735 19801.0 41
1771366259745 19801.0 42
1771366338788 19801.0 43
1771366414898 19801.0 44
1771366490554 19801.0 45
1771366566287 19801.0 46
1771366642259 19801.0 47
1771366719176 19801.0 48
1771366794000 19801.0 49
1771366864134 19801.0 50
1771366930834 19801.0 51
1771366997535 19801.0 52
1771367064310 19801.0 53
1771367130171 19801.0 54
1771367195858 19801.0 55
1771367262063 19801.0 56
1771367327565 19801.0 57
1771367393312 19801.0 58
1771367460313 19801.0 59
1771367526374 19801.0 60
1771367592871 19801.0 61
1771367659526 19801.0 62
1771367726661 19801.0 63
1771367793387 19801.0 64
1771367860122 19801.0 65
1771367927400 19801.0 66
1771367994274 19801.0 67
1771368061160 19801.0 68
1771368128692 19801.0 69
1771368196007 19801.0 70
1771368263603 19801.0 71
1771368330851 19801.0 72
1771368398430 19801.0 73
1771368465062 19801.0 74
1771368531720 19801.0 75
1771368598307 19801.0 76
1771368664776 19801.0 77
1771368731019 19801.0 78
1771368797035 19801.0 79
1771368863321 19801.0 80
1771368930534 19801.0 81
1771368998009 19801.0 82
1771369065090 19801.0 83
1771369132182 19801.0 84
1771369198842 19801.0 85
1771369265199 19801.0 86
1771369332269 19801.0 87
1771369399095 19801.0 88
1771369466449 19801.0 89
1771369533021 19801.0 90
1771369600002 19801.0 91
1771369672230 19801.0 92
1771369747520 19801.0 93
1771369823006 19801.0 94
1771369897426 19801.0 95
1771369972268 19801.0 96
1771370047225 19801.0 97
1771370121850 19801.0 98
1771370195462 19801.0 99
