1761204979693 1899.0 0
1761204980270 1899.0 1
1761204980842 1899.0 2
1761204981406 1799.0 3
1761204981975 1799.0 4
1761204982568 1699.0 5
1761204983132 1699.0 6
1761204983695 1699.0 7
1761204984263 1699.0 8
1761204984833 1699.0 9
1761204985409 1699.0 10
1761204985983 1690.0 11
1761204986551 1690.0 12
1761204987123 1590.0 13
1761204987712 1590.0 14
1761204988312 1490.0 15
1761204988894 1490.0 16
1761204989459 1490.0 17
1761204990037 1490.0 18
1761204990590 1490.0 19
1761204991154 1390.0 20
1761204991720 1298.0 21
1761204992292 1298.0 22
1761204992867 1298.0 23
1761204993432 1298.0 24
1761204993992 1298.0 25
1761204994551 1192.0 26
1761204995115 1192.0 27
1761204995672 1189.0 28
1761204996243 1189.0 29
1761204996824 1089.0 30
1761204997413 1089.0 31
1761204997983 1089.0 32
1761204998562 1089.0 33
1761204999155 1089.0 34
1761204999754 1089.0 35
1761205000349 1089.0 36
1761205000947 1089.0 37
1761205001537 1089.0 38
1761205002116 1089.0 39
1761205002700 1089.0 40
1761205003291 1089.0 41
1761205003863 1089.0 42
1761205004436 1089.0 43
1761205005034 1089.0 44
1761205005619 1083.0 45
1761205006205 1083.0 46
1761205006792 1083.0 47
1761205007385 1083.0 48
1761205007998 1083.0 49
1761205008606 1083.0 50
1761205009191 1076.0 51
1761205009780 976.0 52
1761205010375 976.0 53
1761205010966 976.0 54
1761205011566 976.0 55
1761205012155 880.0 56
1761205012754 880.0 57
1761205013348 880.0 58
1761205013938 880.0 59
1761205014516 880.0 60
1761205015093 880.0 61
1761205015689 880.0 62
1761205016255 880.0 63
1761205016840 880.0 64
1761205017403 880.0 65
1761205017992 880.0 66
1761205018583 880.0 67
1761205019160 880.0 68
1761205019764 880.0 69
1761205020344 880.0 70
1761205020918 786.0 71
1761205021509 786.0 72
1761205022091 786.0 73
1761205022662 786.0 74
1761205023254 588.0 75
1761205023856 588.0 76
1761205024439 588.0 77
1761205025026 588.0 78
1761205025617 588.0 79
1761205026209 588.0 80
1761205026810 588.0 81
1761205027402 588.0 82
1761205028008 588.0 83
1761205028609 588.0 84
1761205029225 588.0 85
1761205029859 588.0 86
1761205030469 588.0 87
1761205031079 588.0 88
1761205031681 588.0 89
1761205032283 588.0 90
1761205032868 588.0 91
1761205033480 588.0 92
1761205034078 588.0 93
1761205034696 588.0 94
1761205035314 588.0 95
1761205035915 588.0 96
1761205036511 588.0 97
1761205037128 588.0 98
1761205037728 588.0 99
