1761286889466 2275.0 0
1761286895645 2275.0 1
1761286902030 2269.0 2
1761286908525 2160.0 3
1761286915307 2074.0 4
1761286922115 2074.0 5
1761286928938 2074.0 6
1761286935880 1675.0 7
1761286942940 1675.0 8
1761286949942 1675.0 9
1761286957054 1675.0 10
1761286964321 1675.0 11
1761286971521 1675.0 12
1761286978836 1675.0 13
1761286986146 1675.0 14
1761286993526 1675.0 15
1761287000913 1675.0 16
1761287008413 1675.0 17
1761287015932 1675.0 18
1761287023402 1675.0 19
1761287030858 1675.0 20
1761287038374 1675.0 21
1761287045802 1675.0 22
1761287053231 1675.0 23
1761287060648 1675.0 24
1761287068044 1675.0 25
1761287075508 1675.0 26
1761287082945 1675.0 27
1761287090340 1675.0 28
1761287097752 1675.0 29
1761287105311 1675.0 30
1761287112743 1675.0 31
1761287120283 1675.0 32
1761287127732 1675.0 33
1761287135295 1675.0 34
1761287142889 1675.0 35
1761287150458 1675.0 36
1761287158042 1675.0 37
1761287165627 1675.0 38
1761287173215 1675.0 39
1761287180795 1675.0 40
1761287188338 1675.0 41
1761287195842 1675.0 42
1761287203405 1675.0 43
1761287211004 1675.0 44
1761287218545 1675.0 45
1761287226086 1675.0 46
1761287233605 1675.0 47
1761287241226 1675.0 48
1761287248695 1675.0 49
1761287256211 1675.0 50
1761287263765 1675.0 51
1761287271456 1675.0 52
1761287279049 1675.0 53
1761287286579 1675.0 54
1761287294161 1675.0 55
1761287301764 1675.0 56
1761287309362 1675.0 57
1761287316815 1675.0 58
1761287324317 1675.0 59
1761287331831 1675.0 60
1761287339386 1675.0 61
1761287346856 1675.0 62
1761287354290 1675.0 63
1761287361799 1675.0 64
1761287369244 1675.0 65
1761287376768 1675.0 66
1761287384251 1675.0 67
1761287391784 1675.0 68
1761287399301 1675.0 69
1761287406870 1675.0 70
1761287414349 1675.0 71
1761287421798 1675.0 72
1761287429265 1675.0 73
1761287436795 1675.0 74
1761287444273 1675.0 75
1761287451767 1675.0 76
1761287459304 1675.0 77
1761287466786 1675.0 78
1761287474316 1675.0 79
1761287481763 1675.0 80
1761287489224 1675.0 81
1761287496728 1675.0 82
1761287504242 1675.0 83
1761287511766 1675.0 84
1761287519336 1675.0 85
1761287526817 1675.0 86
1761287534267 1675.0 87
1761287541816 1675.0 88
1761287549357 1675.0 89
1761287556919 1675.0 90
1761287564453 1675.0 91
1761287572042 1675.0 92
1761287579631 1675.0 93
1761287587178 1675.0 94
1761287594767 1675.0 95
1761287602305 1675.0 96
1761287609932 1675.0 97
1761287617500 1675.0 98
1761287625018 1675.0 99
