1761117561158 20907.0 0
1761117563039 20453.0 1
1761117564872 19513.0 2
1761117566759 19018.0 3
1761117568777 17919.0 4
1761117570674 17615.0 5
1761117572586 17408.0 6
1761117574583 17203.0 7
1761117576529 17108.0 8
1761117578521 16925.0 9
1761117580489 16725.0 10
1761117582525 16708.0 11
1761117584474 16408.0 12
1761117586424 16306.0 13
1761117588473 16206.0 14
1761117590456 16123.0 15
1761117592441 16021.0 16
1761117594479 15921.0 17
1761117596458 15819.0 18
1761117598453 15819.0 19
1761117600513 15819.0 20
1761117602505 15812.0 21
1761117604474 15712.0 22
1761117606500 15612.0 23
1761117608448 15602.0 24
1761117610437 15502.0 25
1761117612394 15502.0 26
1761117614408 15402.0 27
1761117616366 15302.0 28
1761117618321 15202.0 29
1761117620376 15097.0 30
1761117622351 14989.0 31
1761117624298 14889.0 32
1761117626307 14881.0 33
1761117628283 14781.0 34
1761117630252 14681.0 35
1761117632304 14581.0 36
1761117634276 14481.0 37
1761117636241 14381.0 38
1761117638293 14381.0 39
1761117640277 14276.0 40
1761117642253 14176.0 41
1761117644303 14076.0 42
1761117646267 13969.0 43
1761117648242 13869.0 44
1761117650192 13869.0 45
1761117652237 13869.0 46
1761117654226 13769.0 47
1761117656192 13677.0 48
1761117658243 13577.0 49
1761117660217 13483.0 50
1761117662233 13378.0 51
1761117664279 13378.0 52
1761117666262 13277.0 53
1761117668246 13184.0 54
1761117670324 13084.0 55
1761117672391 13084.0 56
1761117674403 12984.0 57
1761117676481 12984.0 58
1761117678514 12894.0 59
1761117680526 12886.0 60
1761117682648 12810.0 61
1761117684700 12802.0 62
1761117686738 12702.0 63
1761117688791 12602.0 64
1761117690915 12602.0 65
1761117692989 12502.0 66
1761117695065 12402.0 67
1761117697176 12302.0 68
1761117699248 12202.0 69
1761117701298 12102.0 70
1761117703469 12102.0 71
1761117705531 12089.0 72
1761117707603 12089.0 73
1761117709714 11982.0 74
1761117711757 11982.0 75
1761117713856 11882.0 76
1761117715977 11797.0 77
1761117718042 11699.0 78
1761117720146 11599.0 79
1761117722290 11599.0 80
1761117724423 11493.0 81
1761117726494 11491.0 82
1761117728649 11491.0 83
1761117730744 11483.0 84
1761117732821 11483.0 85
1761117734954 11381.0 86
1761117737115 11281.0 87
1761117739196 11280.0 88
1761117741302 11180.0 89
1761117743468 11080.0 90
1761117745626 10980.0 91
1761117747706 10880.0 92
1761117749870 10880.0 93
1761117751956 10780.0 94
1761117754021 10679.0 95
1761117756205 10679.0 96
1761117758272 10679.0 97
1761117760337 10577.0 98
1761117762479 10477.0 99
