1771925643053 3356.0 0
1771925645245 3356.0 1
1771925647466 3256.0 2
1771925649621 3256.0 3
1771925651912 3256.0 4
1771925654078 3148.0 5
1771925656365 3148.0 6
1771925658551 3048.0 7
1771925660780 3048.0 8
1771925663051 3048.0 9
1771925665348 3048.0 10
1771925667602 2948.0 11
1771925669851 2854.0 12
1771925672090 2759.0 13
1771925674286 2659.0 14
1771925676559 2659.0 15
1771925678908 2657.0 16
1771925681211 2657.0 17
1771925683488 2557.0 18
1771925685668 2557.0 19
1771925687927 2457.0 20
1771925690141 2355.0 21
1771925692427 2355.0 22
1771925694761 2355.0 23
1771925697076 2355.0 24
1771925699383 2355.0 25
1771925702015 2355.0 26
1771925704418 2255.0 27
1771925706640 2255.0 28
1771925708918 2255.0 29
1771925711149 2255.0 30
1771925713553 2249.0 31
1771925715833 2249.0 32
1771925718053 2249.0 33
1771925720307 2249.0 34
1771925722522 2149.0 35
1771925724773 2149.0 36
1771925727029 2149.0 37
1771925729322 2149.0 38
1771925731640 2149.0 39
1771925734026 2149.0 40
1771925736269 2149.0 41
1771925738470 2149.0 42
1771925740699 2149.0 43
1771925742956 2149.0 44
1771925745243 2149.0 45
1771925747454 2074.0 46
1771925749675 2074.0 47
1771925751927 2074.0 48
1771925754138 2074.0 49
1771925756382 1974.0 50
1771925758601 1974.0 51
1771925760854 1974.0 52
1771925763017 1974.0 53
1771925765255 1974.0 54
1771925767445 1974.0 55
1771925769840 1874.0 56
1771925772014 1774.0 57
1771925774194 1674.0 58
1771925776422 1674.0 59
1771925778564 1674.0 60
1771925780690 1672.0 61
1771925782854 1672.0 62
1771925785046 1672.0 63
1771925787183 1672.0 64
1771925789460 1565.0 65
1771925791648 1565.0 66
1771925793780 1565.0 67
1771925796001 1565.0 68
1771925798118 1565.0 69
1771925800306 1565.0 70
1771925802459 1465.0 71
1771925804676 1465.0 72
1771925806989 1457.0 73
1771925809167 1362.0 74
1771925811346 1362.0 75
1771925813551 1362.0 76
1771925815769 1362.0 77
1771925817950 1362.0 78
1771925820130 1362.0 79
1771925822463 1362.0 80
1771925824725 1362.0 81
1771925827067 1362.0 82
1771925829215 1362.0 83
1771925831405 1362.0 84
1771925833591 1362.0 85
1771925835797 1362.0 86
1771925838082 1362.0 87
1771925840230 1362.0 88
1771925842402 1362.0 89
1771925844646 1362.0 90
1771925846803 1362.0 91
1771925848972 1362.0 92
1771925851119 1362.0 93
1771925853343 1362.0 94
1771925855499 1362.0 95
1771925857655 1362.0 96
1771925859774 1362.0 97
1771925861981 1362.0 98
1771925864109 1362.0 99
