1761276988980 1988.0 0
1761276989340 1605.0 1
1761276989723 1492.0 2
1761276990116 1185.0 3
1761276990500 1066.0 4
1761276990887 966.0 5
1761276991259 966.0 6
1761276991630 966.0 7
1761276992000 964.0 8
1761276992433 964.0 9
1761276992796 964.0 10
1761276993160 964.0 11
1761276993525 864.0 12
1761276993891 864.0 13
1761276994256 864.0 14
1761276994626 864.0 15
1761276994987 764.0 16
1761276995354 764.0 17
1761276995789 763.0 18
1761276996152 763.0 19
1761276996528 763.0 20
1761276996891 763.0 21
1761276997256 763.0 22
1761276997625 763.0 23
1761276997991 763.0 24
1761276998370 763.0 25
1761276998740 763.0 26
1761276999171 763.0 27
1761276999536 763.0 28
1761276999913 763.0 29
1761277000278 663.0 30
1761277000645 657.0 31
1761277001024 557.0 32
1761277001384 557.0 33
1761277001745 555.0 34
1761277002104 555.0 35
1761277002451 555.0 36
1761277002867 555.0 37
1761277003216 555.0 38
1761277003566 457.0 39
1761277003917 457.0 40
1761277004272 457.0 41
1761277004631 457.0 42
1761277004985 457.0 43
1761277005330 452.0 44
1761277005692 452.0 45
1761277006111 452.0 46
1761277006475 450.0 47
1761277006834 450.0 48
1761277007187 450.0 49
1761277007548 450.0 50
1761277007904 450.0 51
1761277008266 450.0 52
1761277008622 450.0 53
1761277008980 449.0 54
1761277009341 449.0 55
1761277009766 448.0 56
1761277010129 438.0 57
1761277010484 438.0 58
1761277010844 438.0 59
1761277011200 438.0 60
1761277011552 438.0 61
1761277011908 436.0 62
1761277012252 436.0 63
1761277012605 436.0 64
1761277013014 436.0 65
1761277013365 436.0 66
1761277013718 436.0 67
1761277014072 436.0 68
1761277014431 436.0 69
1761277014784 436.0 70
1761277015138 436.0 71
1761277015486 436.0 72
1761277015840 436.0 73
1761277016186 436.0 74
1761277016585 436.0 75
1761277016937 436.0 76
1761277017291 436.0 77
1761277017637 436.0 78
1761277017993 436.0 79
1761277018346 436.0 80
1761277018701 436.0 81
1761277019054 436.0 82
1761277019407 436.0 83
1761277019813 436.0 84
1761277020168 436.0 85
1761277020522 436.0 86
1761277020875 436.0 87
1761277021229 436.0 88
1761277021587 436.0 89
1761277021938 436.0 90
1761277022287 436.0 91
1761277022643 436.0 92
1761277023053 436.0 93
1761277023402 436.0 94
1761277023747 436.0 95
1761277024102 436.0 96
1761277024458 436.0 97
1761277024821 436.0 98
1761277025173 436.0 99
