1761200217140 1907.0 0
1761200217724 1695.0 1
1761200218301 1695.0 2
1761200218883 1695.0 3
1761200219468 1695.0 4
1761200220062 1695.0 5
1761200220631 1695.0 6
1761200221227 1595.0 7
1761200221813 1595.0 8
1761200222401 1500.0 9
1761200222972 1492.0 10
1761200223576 1492.0 11
1761200224157 1492.0 12
1761200224749 1492.0 13
1761200225328 1492.0 14
1761200225909 1492.0 15
1761200226505 1492.0 16
1761200227077 1492.0 17
1761200227657 1492.0 18
1761200228243 1492.0 19
1761200228841 1488.0 20
1761200229461 1488.0 21
1761200230072 1488.0 22
1761200230660 1391.0 23
1761200231267 1391.0 24
1761200231850 1391.0 25
1761200232448 1391.0 26
1761200233025 1188.0 27
1761200233633 1188.0 28
1761200234237 1188.0 29
1761200234841 1088.0 30
1761200235434 990.0 31
1761200236018 990.0 32
1761200236617 790.0 33
1761200237193 785.0 34
1761200237789 785.0 35
1761200238361 685.0 36
1761200238939 685.0 37
1761200239533 677.0 38
1761200240143 677.0 39
1761200240747 677.0 40
1761200241347 677.0 41
1761200241968 677.0 42
1761200242561 677.0 43
1761200243156 677.0 44
1761200243763 677.0 45
1761200244353 677.0 46
1761200244944 677.0 47
1761200245529 677.0 48
1761200246137 677.0 49
1761200246735 677.0 50
1761200247324 677.0 51
1761200247919 677.0 52
1761200248532 677.0 53
1761200249159 677.0 54
1761200249754 677.0 55
1761200250355 677.0 56
1761200250969 677.0 57
1761200251607 677.0 58
1761200252242 677.0 59
1761200252855 677.0 60
1761200253480 677.0 61
1761200254120 677.0 62
1761200254747 677.0 63
1761200255369 677.0 64
1761200255997 677.0 65
1761200256620 677.0 66
1761200257238 677.0 67
1761200257873 587.0 68
1761200258496 579.0 69
1761200259110 579.0 70
1761200259708 579.0 71
1761200260346 579.0 72
1761200260958 579.0 73
1761200261591 579.0 74
1761200262214 579.0 75
1761200262865 579.0 76
1761200263496 579.0 77
1761200264108 579.0 78
1761200264715 579.0 79
1761200265346 579.0 80
1761200265953 579.0 81
1761200266584 579.0 82
1761200267230 579.0 83
1761200267871 579.0 84
1761200268521 579.0 85
1761200269177 579.0 86
1761200269810 579.0 87
1761200270458 579.0 88
1761200271103 579.0 89
1761200271730 579.0 90
1761200272397 579.0 91
1761200273048 579.0 92
1761200273680 579.0 93
1761200274310 579.0 94
1761200274933 579.0 95
1761200275541 579.0 96
1761200276138 579.0 97
1761200276750 579.0 98
1761200277347 579.0 99
