1771428104650 20909.0 0
1771428200746 20253.0 1
1771428307935 20253.0 2
1771428419313 20253.0 3
1771428532288 20253.0 4
1771428645045 20253.0 5
1771428758069 20253.0 6
1771428875907 19559.0 7
1771428993831 19559.0 8
1771429111314 19559.0 9
1771429223418 19559.0 10
1771429334091 19559.0 11
1771429445851 19559.0 12
1771429559755 19559.0 13
1771429675893 19559.0 14
1771429792699 19559.0 15
1771429907358 19559.0 16
1771430023901 19559.0 17
1771430141644 19559.0 18
1771430258645 19559.0 19
1771430375614 19559.0 20
1771430493639 19559.0 21
1771430612277 19559.0 22
1771430731417 19559.0 23
1771430849873 19559.0 24
1771430968985 19559.0 25
1771431089370 19559.0 26
1771431210305 19559.0 27
1771431328739 19559.0 28
1771431446639 19559.0 29
1771431567468 19559.0 30
1771431693741 19559.0 31
1771431822143 19559.0 32
1771431948408 19559.0 33
1771432083163 19559.0 34
1771432211613 19559.0 35
1771432338185 19559.0 36
1771432466516 19559.0 37
1771432589384 19559.0 38
1771432707190 19559.0 39
1771432824171 19559.0 40
1771432943489 19559.0 41
1771433062692 19559.0 42
1771433181089 19559.0 43
1771433298448 19559.0 44
1771433416947 19559.0 45
1771433534946 19559.0 46
1771433653943 19559.0 47
1771433770976 19559.0 48
1771433888539 19559.0 49
1771434005961 19559.0 50
1771434132429 19559.0 51
1771434259005 19559.0 52
1771434387300 19559.0 53
1771434512182 19559.0 54
1771434637347 19559.0 55
1771434764244 19559.0 56
1771434890477 19559.0 57
1771435013348 19559.0 58
1771435132167 19559.0 59
1771435250459 19559.0 60
1771435377230 19559.0 61
1771435506348 19559.0 62
1771435633551 19559.0 63
1771435761908 19559.0 64
1771435887980 19559.0 65
1771436013954 19559.0 66
1771436141044 19559.0 67
1771436260096 19559.0 68
1771436378506 19559.0 69
1771436495389 19559.0 70
1771436612378 19559.0 71
1771436729696 19559.0 72
1771436847560 19559.0 73
1771436966204 19559.0 74
1771437083014 19559.0 75
1771437200591 19559.0 76
1771437317997 19559.0 77
1771437434070 19559.0 78
1771437551547 19559.0 79
1771437670280 19559.0 80
1771437787818 19559.0 81
1771437903646 19559.0 82
1771438020267 19559.0 83
1771438138614 19559.0 84
1771438256951 19559.0 85
1771438374481 19559.0 86
1771438491705 19559.0 87
1771438609995 19559.0 88
1771438727840 19559.0 89
1771438846654 19559.0 90
1771438965559 19559.0 91
1771439083050 19559.0 92
1771439202108 19559.0 93
1771439323842 19559.0 94
1771439442080 19559.0 95
1771439560878 19559.0 96
1771439679988 19559.0 97
1771439796563 19559.0 98
1771439914360 19559.0 99
