1770114230585 3035.0 0
1770114277132 3035.0 1
1770114323473 3035.0 2
1770114372179 3035.0 3
1770114422366 3035.0 4
1770114472580 3035.0 5
1770114523105 3035.0 6
1770114573113 3035.0 7
1770114624676 3035.0 8
1770114676662 3035.0 9
1770114732033 3035.0 10
1770114785752 3035.0 11
1770114838571 3035.0 12
1770114892936 3035.0 13
1770114948118 3035.0 14
1770115002507 3035.0 15
1770115058357 3035.0 16
1770115114890 3035.0 17
1770115170954 3035.0 18
1770115221648 3035.0 19
1770115272586 3035.0 20
1770115335041 3035.0 21
1770115396554 3035.0 22
1770115458730 3035.0 23
1770115521689 3035.0 24
1770115582239 3035.0 25
1770115645537 3035.0 26
1770115709109 3035.0 27
1770115772906 3035.0 28
1770115836001 3035.0 29
1770115896311 3035.0 30
1770115967793 3035.0 31
1770116029242 3035.0 32
1770116089859 3035.0 33
1770116149231 3035.0 34
1770116206742 3035.0 35
1770116264670 3035.0 36
1770116323605 3035.0 37
1770116373160 3035.0 38
1770116420934 3035.0 39
1770116468819 3035.0 40
1770116517027 3035.0 41
1770116565079 3035.0 42
1770116612873 3035.0 43
1770116661729 3035.0 44
1770116709926 3035.0 45
1770116757234 3035.0 46
1770116804910 3035.0 47
1770116853148 3035.0 48
1770116900728 3035.0 49
1770116947970 3035.0 50
1770116995816 3035.0 51
1770117043308 3035.0 52
1770117091033 3035.0 53
1770117139454 3035.0 54
1770117186662 3035.0 55
1770117234311 3035.0 56
1770117282338 3035.0 57
1770117330004 3035.0 58
1770117377820 3035.0 59
1770117425921 3035.0 60
1770117474304 3035.0 61
1770117520977 3035.0 62
1770117568682 3035.0 63
1770117616838 3035.0 64
1770117665610 3035.0 65
1770117713662 3035.0 66
1770117762211 3035.0 67
1770117810312 3035.0 68
1770117857687 3035.0 69
1770117904344 3035.0 70
1770117952913 3035.0 71
1770118004850 3035.0 72
1770118053192 3035.0 73
1770118100863 3035.0 74
1770118148800 3035.0 75
1770118197859 3035.0 76
1770118246139 3035.0 77
1770118293346 3035.0 78
1770118339606 3035.0 79
1770118387033 3035.0 80
1770118434022 3035.0 81
1770118482485 3035.0 82
1770118530467 3035.0 83
1770118579226 3035.0 84
1770118627496 3035.0 85
1770118676024 3035.0 86
1770118724906 3035.0 87
1770118773765 3035.0 88
1770118804827 3035.0 89
1770118827102 3035.0 90
1770118848956 3035.0 91
1770118870582 3035.0 92
1770118892679 3035.0 93
1770118914354 3035.0 94
1770118936200 3035.0 95
1770118958007 3035.0 96
1770118980085 3035.0 97
1770119002068 3035.0 98
1770119023908 3035.0 99
