1770120649821 2957.0 0
1770120651045 2806.0 1
1770120652502 2208.0 2
1770120653643 1597.0 3
1770120654877 1597.0 4
1770120656245 1497.0 5
1770120657509 1497.0 6
1770120658875 1497.0 7
1770120660171 1397.0 8
1770120661610 1397.0 9
1770120663104 1397.0 10
1770120664430 1397.0 11
1770120665766 1397.0 12
1770120667168 1397.0 13
1770120668517 1397.0 14
1770120669959 1397.0 15
1770120671396 1397.0 16
1770120672724 1297.0 17
1770120674106 1297.0 18
1770120675292 1197.0 19
1770120676566 1197.0 20
1770120677961 1197.0 21
1770120679194 1197.0 22
1770120680590 1189.0 23
1770120681937 1189.0 24
1770120683243 1189.0 25
1770120684694 1189.0 26
1770120686023 1182.0 27
1770120687191 1182.0 28
1770120688533 1180.0 29
1770120690145 1180.0 30
1770120691476 1180.0 31
1770120692660 1180.0 32
1770120693764 1180.0 33
1770120694939 1180.0 34
1770120696070 1180.0 35
1770120697225 1180.0 36
1770120698536 1180.0 37
1770120699742 1080.0 38
1770120700950 1080.0 39
1770120702315 1080.0 40
1770120703473 1080.0 41
1770120704883 1080.0 42
1770120706128 1080.0 43
1770120707376 1080.0 44
1770120708642 1080.0 45
1770120709738 980.0 46
1770120711071 980.0 47
1770120712424 980.0 48
1770120713699 880.0 49
1770120715174 780.0 50
1770120716322 780.0 51
1770120717728 780.0 52
1770120719760 780.0 53
1770120721470 780.0 54
1770120722882 780.0 55
1770120724154 680.0 56
1770120725449 680.0 57
1770120726583 680.0 58
1770120727627 680.0 59
1770120728665 680.0 60
1770120729898 680.0 61
1770120730951 680.0 62
1770120731995 680.0 63
1770120733139 680.0 64
1770120734196 680.0 65
1770120735311 680.0 66
1770120736471 680.0 67
1770120737572 678.0 68
1770120738727 678.0 69
1770120739765 678.0 70
1770120740878 678.0 71
1770120742120 678.0 72
1770120743139 678.0 73
1770120744180 678.0 74
1770120745316 678.0 75
1770120746372 678.0 76
1770120747508 678.0 77
1770120748593 678.0 78
1770120749660 678.0 79
1770120750859 678.0 80
1770120751889 578.0 81
1770120752946 578.0 82
1770120754325 578.0 83
1770120755589 578.0 84
1770120756949 578.0 85
1770120758228 578.0 86
1770120759377 478.0 87
1770120760537 478.0 88
1770120761774 478.0 89
1770120763079 478.0 90
1770120764483 478.0 91
1770120765519 478.0 92
1770120766706 478.0 93
1770120767851 478.0 94
1770120768965 478.0 95
1770120770146 478.0 96
1770120771188 478.0 97
1770120772281 478.0 98
1770120773536 478.0 99
