1761207112889 2197.0 0
1761207113478 2150.0 1
1761207114054 2050.0 2
1761207114635 2050.0 3
1761207115213 1950.0 4
1761207115798 1950.0 5
1761207116389 1913.0 6
1761207116980 1913.0 7
1761207117571 1852.0 8
1761207118146 1852.0 9
1761207118720 1813.0 10
1761207119306 1752.0 11
1761207119897 1752.0 12
1761207120474 1752.0 13
1761207121075 1652.0 14
1761207121671 1652.0 15
1761207122252 1652.0 16
1761207122816 1652.0 17
1761207123391 1560.0 18
1761207123963 1560.0 19
1761207124527 1560.0 20
1761207125107 1560.0 21
1761207125692 1560.0 22
1761207126272 1560.0 23
1761207126855 1560.0 24
1761207127423 1560.0 25
1761207128003 1560.0 26
1761207128579 1560.0 27
1761207129138 1560.0 28
1761207129726 1560.0 29
1761207130304 1560.0 30
1761207130875 1560.0 31
1761207131472 1560.0 32
1761207132057 1560.0 33
1761207132634 1560.0 34
1761207133212 1560.0 35
1761207133779 1560.0 36
1761207134350 1560.0 37
1761207134900 1560.0 38
1761207135476 1467.0 39
1761207136044 1467.0 40
1761207136601 1467.0 41
1761207137162 1467.0 42
1761207137729 1460.0 43
1761207138304 1460.0 44
1761207138894 1460.0 45
1761207139492 1460.0 46
1761207140111 1444.0 47
1761207140708 1444.0 48
1761207141328 1444.0 49
1761207141929 1344.0 50
1761207142529 1344.0 51
1761207143122 1344.0 52
1761207143732 1344.0 53
1761207144333 1344.0 54
1761207144923 1252.0 55
1761207145506 1252.0 56
1761207146092 1252.0 57
1761207146678 1252.0 58
1761207147262 1252.0 59
1761207147853 1252.0 60
1761207148435 1252.0 61
1761207149038 1252.0 62
1761207149637 1152.0 63
1761207150233 1152.0 64
1761207150821 1151.0 65
1761207151402 1151.0 66
1761207151993 1151.0 67
1761207152583 1151.0 68
1761207153176 1151.0 69
1761207153813 1151.0 70
1761207154391 1151.0 71
1761207154977 1151.0 72
1761207155582 1151.0 73
1761207156165 1151.0 74
1761207156743 1151.0 75
1761207157332 1151.0 76
1761207157929 1060.0 77
1761207158523 860.0 78
1761207159107 860.0 79
1761207159676 860.0 80
1761207160258 860.0 81
1761207160840 860.0 82
1761207161435 860.0 83
1761207162031 860.0 84
1761207162637 860.0 85
1761207163242 860.0 86
1761207163836 860.0 87
1761207164457 860.0 88
1761207165042 860.0 89
1761207165629 860.0 90
1761207166229 860.0 91
1761207166837 860.0 92
1761207167418 860.0 93
1761207168009 860.0 94
1761207168601 860.0 95
1761207169197 860.0 96
1761207169771 860.0 97
1761207170363 860.0 98
1761207170956 860.0 99
