1761277484999 2470.0 0
1761277491358 2296.0 1
1761277497832 2270.0 2
1761277504431 1856.0 3
1761277511186 1856.0 4
1761277518014 1856.0 5
1761277524930 1856.0 6
1761277531910 1856.0 7
1761277539083 1856.0 8
1761277546300 1856.0 9
1761277553514 1856.0 10
1761277560779 1856.0 11
1761277568055 1856.0 12
1761277575461 1772.0 13
1761277582847 1772.0 14
1761277590258 1772.0 15
1761277597713 1546.0 16
1761277605273 1546.0 17
1761277612746 1546.0 18
1761277620250 1546.0 19
1761277627750 1546.0 20
1761277635301 1546.0 21
1761277642785 1546.0 22
1761277650339 1546.0 23
1761277657868 1546.0 24
1761277665442 1546.0 25
1761277673113 1546.0 26
1761277680671 1546.0 27
1761277688154 1546.0 28
1761277695723 1546.0 29
1761277703336 1546.0 30
1761277710870 1546.0 31
1761277718410 1546.0 32
1761277726032 1546.0 33
1761277733610 1546.0 34
1761277741246 1546.0 35
1761277748768 1546.0 36
1761277756322 1546.0 37
1761277763853 1546.0 38
1761277771470 1546.0 39
1761277778990 1546.0 40
1761277786502 1546.0 41
1761277794083 1546.0 42
1761277801637 1546.0 43
1761277809216 1546.0 44
1761277816782 1546.0 45
1761277824296 1546.0 46
1761277831852 1546.0 47
1761277839487 1546.0 48
1761277847082 1546.0 49
1761277854676 1546.0 50
1761277862238 1546.0 51
1761277869857 1546.0 52
1761277877457 1546.0 53
1761277885042 1546.0 54
1761277892580 1546.0 55
1761277900166 1546.0 56
1761277907802 1546.0 57
1761277915354 1546.0 58
1761277922935 1546.0 59
1761277930412 1546.0 60
1761277938045 1546.0 61
1761277945608 1546.0 62
1761277953169 1546.0 63
1761277960731 1546.0 64
1761277968310 1546.0 65
1761277975927 1546.0 66
1761277983509 1546.0 67
1761277991009 1546.0 68
1761277998544 1546.0 69
1761278006201 1546.0 70
1761278013800 1546.0 71
1761278021397 1546.0 72
1761278028982 1546.0 73
1761278036626 1546.0 74
1761278044137 1546.0 75
1761278051602 1546.0 76
1761278059140 1546.0 77
1761278066681 1546.0 78
1761278074262 1546.0 79
1761278081808 1546.0 80
1761278089382 1546.0 81
1761278096928 1546.0 82
1761278104758 1546.0 83
1761278112312 1546.0 84
1761278119812 1546.0 85
1761278127344 1546.0 86
1761278134909 1546.0 87
1761278142553 1546.0 88
1761278150131 1546.0 89
1761278157706 1546.0 90
1761278165301 1546.0 91
1761278172908 1546.0 92
1761278180440 1546.0 93
1761278188020 1546.0 94
1761278195560 1546.0 95
1761278203086 1546.0 96
1761278210718 1546.0 97
1761278218284 1546.0 98
1761278225823 1546.0 99
