1761199670358 1807.0 0
1761199670734 1807.0 1
1761199671052 1807.0 2
1761199671372 1807.0 3
1761199671706 1807.0 4
1761199672022 1807.0 5
1761199672345 1807.0 6
1761199672660 1807.0 7
1761199672978 1807.0 8
1761199673302 1807.0 9
1761199673613 1807.0 10
1761199673935 1807.0 11
1761199674252 1807.0 12
1761199674572 1807.0 13
1761199674891 1807.0 14
1761199675215 1807.0 15
1761199675530 1807.0 16
1761199675848 1807.0 17
1761199676158 1807.0 18
1761199676477 1807.0 19
1761199676807 1807.0 20
1761199677150 1807.0 21
1761199677468 1807.0 22
1761199677787 1807.0 23
1761199678104 1807.0 24
1761199678429 1807.0 25
1761199678749 1807.0 26
1761199679067 1807.0 27
1761199679387 1807.0 28
1761199679708 1807.0 29
1761199680025 1807.0 30
1761199680343 1807.0 31
1761199680680 1807.0 32
1761199681015 1807.0 33
1761199681357 1807.0 34
1761199681673 1807.0 35
1761199681995 1807.0 36
1761199682320 1807.0 37
1761199682643 1807.0 38
1761199682967 1807.0 39
1761199683294 1807.0 40
1761199683616 1807.0 41
1761199683939 1807.0 42
1761199684253 1807.0 43
1761199684568 1807.0 44
1761199684879 1807.0 45
1761199685201 1807.0 46
1761199685528 1807.0 47
1761199685848 1807.0 48
1761199686206 1807.0 49
1761199686563 1807.0 50
1761199686983 1807.0 51
1761199687350 1807.0 52
1761199687842 1807.0 53
1761199688191 1807.0 54
1761199688589 1807.0 55
1761199688975 1807.0 56
1761199689373 1807.0 57
1761199689737 1807.0 58
1761199690159 1807.0 59
1761199690500 1807.0 60
1761199690878 1807.0 61
1761199691221 1807.0 62
1761199691652 1807.0 63
1761199692027 1807.0 64
1761199692378 1807.0 65
1761199692730 1807.0 66
1761199693121 1807.0 67
1761199693535 1807.0 68
1761199693886 1807.0 69
1761199694206 1807.0 70
1761199694531 1807.0 71
1761199694854 1807.0 72
1761199695180 1807.0 73
1761199695502 1807.0 74
1761199695829 1807.0 75
1761199696158 1807.0 76
1761199696492 1807.0 77
1761199696834 1807.0 78
1761199697173 1807.0 79
1761199697495 1807.0 80
1761199697818 1807.0 81
1761199698131 1807.0 82
1761199698487 1807.0 83
1761199698807 1807.0 84
1761199699130 1807.0 85
1761199699457 1807.0 86
1761199699792 1807.0 87
1761199700114 1807.0 88
1761199700434 1807.0 89
1761199700759 1807.0 90
1761199701085 1807.0 91
1761199701417 1807.0 92
1761199701758 1807.0 93
1761199702104 1807.0 94
1761199702426 1807.0 95
1761199702771 1807.0 96
1761199703093 1807.0 97
1761199703418 1807.0 98
1761199703742 1807.0 99
