1761203799581 1838.0 0
1761203800157 1833.0 1
1761203800749 1805.0 2
1761203801325 1772.0 3
1761203801910 1705.0 4
1761203802499 1705.0 5
1761203803099 1705.0 6
1761203803695 1700.0 7
1761203804274 1700.0 8
1761203804870 1700.0 9
1761203805455 1700.0 10
1761203806042 1604.0 11
1761203806630 1604.0 12
1761203807222 1604.0 13
1761203807811 1604.0 14
1761203808401 1604.0 15
1761203809007 1604.0 16
1761203809621 1472.0 17
1761203810232 1272.0 18
1761203810819 1272.0 19
1761203811422 1272.0 20
1761203812028 1272.0 21
1761203812634 1272.0 22
1761203813222 1272.0 23
1761203813809 1272.0 24
1761203814400 1270.0 25
1761203814997 1270.0 26
1761203815593 1270.0 27
1761203816200 1270.0 28
1761203816801 1270.0 29
1761203817393 1270.0 30
1761203818006 1171.0 31
1761203818609 1171.0 32
1761203819245 1171.0 33
1761203819855 1171.0 34
1761203820484 1171.0 35
1761203821075 1171.0 36
1761203821651 1071.0 37
1761203822235 971.0 38
1761203822830 971.0 39
1761203823415 971.0 40
1761203824002 971.0 41
1761203824598 971.0 42
1761203825187 971.0 43
1761203825793 873.0 44
1761203826374 865.0 45
1761203826968 865.0 46
1761203827549 865.0 47
1761203828141 863.0 48
1761203828742 789.0 49
1761203829322 771.0 50
1761203829924 771.0 51
1761203830535 771.0 52
1761203831162 771.0 53
1761203831753 678.0 54
1761203832352 674.0 55
1761203832950 576.0 56
1761203833538 576.0 57
1761203834156 570.0 58
1761203834743 570.0 59
1761203835343 570.0 60
1761203835938 570.0 61
1761203836542 570.0 62
1761203837148 570.0 63
1761203837745 570.0 64
1761203838339 570.0 65
1761203838926 570.0 66
1761203839508 570.0 67
1761203840104 570.0 68
1761203840716 570.0 69
1761203841316 570.0 70
1761203841914 570.0 71
1761203842524 570.0 72
1761203843120 570.0 73
1761203843729 570.0 74
1761203844352 570.0 75
1761203844952 570.0 76
1761203845564 570.0 77
1761203846180 570.0 78
1761203846802 570.0 79
1761203847415 570.0 80
1761203848052 570.0 81
1761203848655 570.0 82
1761203849258 570.0 83
1761203849876 570.0 84
1761203850516 570.0 85
1761203851135 570.0 86
1761203851759 570.0 87
1761203852368 570.0 88
1761203852992 570.0 89
1761203853599 570.0 90
1761203854236 570.0 91
1761203854843 570.0 92
1761203855472 570.0 93
1761203856107 570.0 94
1761203856715 570.0 95
1761203857324 570.0 96
1761203857932 570.0 97
1761203858532 570.0 98
1761203859141 570.0 99
