1770113762648 3336.0 0
1770113765201 3336.0 1
1770113767797 3336.0 2
1770113770161 3336.0 3
1770113772908 3336.0 4
1770113775297 3336.0 5
1770113778052 3336.0 6
1770113780581 3336.0 7
1770113783545 3336.0 8
1770113785855 3336.0 9
1770113788391 3336.0 10
1770113790843 3336.0 11
1770113793438 3336.0 12
1770113796029 3336.0 13
1770113798586 3336.0 14
1770113800913 3336.0 15
1770113803506 3336.0 16
1770113806019 3336.0 17
1770113808462 3336.0 18
1770113810862 3336.0 19
1770113813603 3336.0 20
1770113816048 3336.0 21
1770113818547 3336.0 22
1770113820933 3336.0 23
1770113823425 3336.0 24
1770113826065 3336.0 25
1770113828842 3336.0 26
1770113831355 3336.0 27
1770113833808 3336.0 28
1770113836483 3336.0 29
1770113839023 3336.0 30
1770113841514 3336.0 31
1770113844205 3336.0 32
1770113846603 3336.0 33
1770113849074 3336.0 34
1770113851299 3336.0 35
1770113853757 3336.0 36
1770113856146 3336.0 37
1770113859005 3336.0 38
1770113861315 3336.0 39
1770113864118 3336.0 40
1770113866624 3336.0 41
1770113869116 3336.0 42
1770113871432 3336.0 43
1770113874006 3336.0 44
1770113876581 3336.0 45
1770113879094 3336.0 46
1770113881916 3336.0 47
1770113884395 3336.0 48
1770113886903 3336.0 49
1770113889342 3336.0 50
1770113891920 3336.0 51
1770113894485 3336.0 52
1770113897138 3336.0 53
1770113899662 3336.0 54
1770113902073 3336.0 55
1770113904346 3336.0 56
1770113906725 3336.0 57
1770113909145 3336.0 58
1770113911987 3336.0 59
1770113914372 3336.0 60
1770113916962 3336.0 61
1770113919217 3336.0 62
1770113921813 3336.0 63
1770113924398 3336.0 64
1770113927006 3336.0 65
1770113929457 3336.0 66
1770113932100 3336.0 67
1770113934530 3336.0 68
1770113937197 3336.0 69
1770113939607 3336.0 70
1770113942092 3336.0 71
1770113944501 3336.0 72
1770113947330 3336.0 73
1770113949656 3336.0 74
1770113952278 3336.0 75
1770113954508 3336.0 76
1770113957076 3336.0 77
1770113959602 3336.0 78
1770113962142 3336.0 79
1770113964677 3336.0 80
1770113967455 3336.0 81
1770113969845 3336.0 82
1770113972177 3336.0 83
1770113974834 3336.0 84
1770113977233 3336.0 85
1770113979768 3336.0 86
1770113982539 3336.0 87
1770113985089 3336.0 88
1770113987532 3336.0 89
1770113989931 3336.0 90
1770113992376 3336.0 91
1770113994934 3336.0 92
1770113997496 3336.0 93
1770114000243 3336.0 94
1770114002789 3336.0 95
1770114005174 3336.0 96
1770114007680 3336.0 97
1770114010205 3336.0 98
1770114012640 3336.0 99
