1761189013680 21081.0 0
1761189017144 21081.0 1
1761189020507 21081.0 2
1761189023877 21081.0 3
1761189027396 21081.0 4
1761189030812 21081.0 5
1761189034162 21081.0 6
1761189037569 21081.0 7
1761189040992 21081.0 8
1761189044321 21081.0 9
1761189047698 20886.0 10
1761189051100 20886.0 11
1761189054525 20886.0 12
1761189057973 20886.0 13
1761189061375 20788.0 14
1761189064870 20788.0 15
1761189068348 20688.0 16
1761189071827 20588.0 17
1761189075256 20588.0 18
1761189078727 20588.0 19
1761189082180 20547.0 20
1761189085631 20517.0 21
1761189089161 20447.0 22
1761189092591 20394.0 23
1761189096045 20323.0 24
1761189099547 20323.0 25
1761189103049 20141.0 26
1761189106485 20041.0 27
1761189109960 20027.0 28
1761189113420 20027.0 29
1761189116935 19919.0 30
1761189120407 19919.0 31
1761189123886 19819.0 32
1761189127309 19819.0 33
1761189130831 19519.0 34
1761189134356 19519.0 35
1761189137828 19512.0 36
1761189141312 19512.0 37
1761189144789 19412.0 38
1761189148258 19412.0 39
1761189151837 19314.0 40
1761189155322 19314.0 41
1761189158805 19314.0 42
1761189162328 19214.0 43
1761189165875 19214.0 44
1761189169346 19214.0 45
1761189172855 19114.0 46
1761189176369 18994.0 47
1761189179852 18994.0 48
1761189183528 18949.0 49
1761189187735 18880.0 50
1761189191902 18880.0 51
1761189195978 18848.0 52
1761189200191 18821.0 53
1761189204320 18813.0 54
1761189208471 18535.0 55
1761189212794 18535.0 56
1761189217176 18535.0 57
1761189221427 18535.0 58
1761189225766 18494.0 59
1761189230072 18479.0 60
1761189234245 18379.0 61
1761189238274 18352.0 62
1761189242403 18154.0 63
1761189246056 18154.0 64
1761189249611 18154.0 65
1761189253193 17943.0 66
1761189256878 17843.0 67
1761189260259 17843.0 68
1761189263671 17750.0 69
1761189267070 17650.0 70
1761189270388 17550.0 71
1761189273707 17445.0 72
1761189277167 17445.0 73
1761189280678 17445.0 74
1761189284153 17251.0 75
1761189287714 17251.0 76
1761189291294 17244.0 77
1761189294869 17244.0 78
1761189298330 17244.0 79
1761189301967 17244.0 80
1761189305551 17144.0 81
1761189309168 17144.0 82
1761189312838 16944.0 83
1761189316923 16851.0 84
1761189321022 16759.0 85
1761189325031 16759.0 86
1761189328929 16759.0 87
1761189332979 16759.0 88
1761189336952 16651.0 89
1761189340910 16551.0 90
1761189345075 16451.0 91
1761189349204 16451.0 92
1761189353100 16351.0 93
1761189357105 16251.0 94
1761189361025 16156.0 95
1761189365155 16156.0 96
1761189369206 16156.0 97
1761189373343 16156.0 98
1761189377364 16156.0 99
