1761204711016 2090.0 0
1761204711370 1673.0 1
1761204711745 1272.0 2
1761204712142 1182.0 3
1761204712547 984.0 4
1761204712973 974.0 5
1761204713389 874.0 6
1761204713810 866.0 7
1761204714225 866.0 8
1761204714690 768.0 9
1761204715107 768.0 10
1761204715528 768.0 11
1761204715939 768.0 12
1761204716350 768.0 13
1761204716770 768.0 14
1761204717177 768.0 15
1761204717598 768.0 16
1761204718009 766.0 17
1761204718476 766.0 18
1761204718886 764.0 19
1761204719286 764.0 20
1761204719690 764.0 21
1761204720098 764.0 22
1761204720498 764.0 23
1761204720899 664.0 24
1761204721314 664.0 25
1761204721720 664.0 26
1761204722120 664.0 27
1761204722569 659.0 28
1761204722968 559.0 29
1761204723361 559.0 30
1761204723761 559.0 31
1761204724157 559.0 32
1761204724556 559.0 33
1761204724958 559.0 34
1761204725364 559.0 35
1761204725758 559.0 36
1761204726204 559.0 37
1761204726605 559.0 38
1761204726997 557.0 39
1761204727390 557.0 40
1761204727788 557.0 41
1761204728188 557.0 42
1761204728582 557.0 43
1761204728974 557.0 44
1761204729373 457.0 45
1761204729769 457.0 46
1761204730215 457.0 47
1761204730615 457.0 48
1761204731005 455.0 49
1761204731414 455.0 50
1761204731825 455.0 51
1761204732237 455.0 52
1761204732637 455.0 53
1761204733040 455.0 54
1761204733437 455.0 55
1761204733889 447.0 56
1761204734286 447.0 57
1761204734689 447.0 58
1761204735084 447.0 59
1761204735481 447.0 60
1761204735881 447.0 61
1761204736278 447.0 62
1761204736679 447.0 63
1761204737077 447.0 64
1761204737532 447.0 65
1761204737927 445.0 66
1761204738319 445.0 67
1761204738717 443.0 68
1761204739104 443.0 69
1761204739489 441.0 70
1761204739875 441.0 71
1761204740264 441.0 72
1761204740652 441.0 73
1761204741041 441.0 74
1761204741481 441.0 75
1761204741869 441.0 76
1761204742270 441.0 77
1761204742660 441.0 78
1761204743047 441.0 79
1761204743442 441.0 80
1761204743852 441.0 81
1761204744241 441.0 82
1761204744634 441.0 83
1761204745076 441.0 84
1761204745467 441.0 85
1761204745855 441.0 86
1761204746251 441.0 87
1761204746638 436.0 88
1761204747020 436.0 89
1761204747416 436.0 90
1761204747801 436.0 91
1761204748193 436.0 92
1761204748582 436.0 93
1761204749023 436.0 94
1761204749416 436.0 95
1761204749806 436.0 96
1761204750202 436.0 97
1761204750594 436.0 98
1761204750984 436.0 99
