1761206214620 1589.0 0
1761206214973 1589.0 1
1761206215321 1481.0 2
1761206215686 1289.0 3
1761206216045 1081.0 4
1761206216395 988.0 5
1761206216749 988.0 6
1761206217105 988.0 7
1761206217474 988.0 8
1761206217830 888.0 9
1761206218185 888.0 10
1761206218592 888.0 11
1761206218954 888.0 12
1761206219318 886.0 13
1761206219666 786.0 14
1761206220013 786.0 15
1761206220362 779.0 16
1761206220705 779.0 17
1761206221052 779.0 18
1761206221397 779.0 19
1761206221734 777.0 20
1761206222073 777.0 21
1761206222413 777.0 22
1761206222807 677.0 23
1761206223153 677.0 24
1761206223513 577.0 25
1761206223868 577.0 26
1761206224222 577.0 27
1761206224578 572.0 28
1761206224940 472.0 29
1761206225313 472.0 30
1761206225678 472.0 31
1761206226046 472.0 32
1761206226406 472.0 33
1761206226777 472.0 34
1761206227200 470.0 35
1761206227564 470.0 36
1761206227935 464.0 37
1761206228309 462.0 38
1761206228675 364.0 39
1761206229047 362.0 40
1761206229403 362.0 41
1761206229768 362.0 42
1761206230131 362.0 43
1761206230502 362.0 44
1761206230874 360.0 45
1761206231244 360.0 46
1761206231653 360.0 47
1761206232024 355.0 48
1761206232399 355.0 49
1761206232766 355.0 50
1761206233137 355.0 51
1761206233504 355.0 52
1761206233873 355.0 53
1761206234236 355.0 54
1761206234601 355.0 55
1761206234967 355.0 56
1761206235340 355.0 57
1761206235701 355.0 58
1761206236113 355.0 59
1761206236484 355.0 60
1761206236851 355.0 61
1761206237235 355.0 62
1761206237626 355.0 63
1761206237999 355.0 64
1761206238372 355.0 65
1761206238747 355.0 66
1761206239120 355.0 67
1761206239493 355.0 68
1761206239848 262.0 69
1761206240207 262.0 70
1761206240623 262.0 71
1761206240987 262.0 72
1761206241354 262.0 73
1761206241717 262.0 74
1761206242090 262.0 75
1761206242469 262.0 76
1761206242843 262.0 77
1761206243216 262.0 78
1761206243596 262.0 79
1761206243975 262.0 80
1761206244349 262.0 81
1761206244720 262.0 82
1761206245146 262.0 83
1761206245521 262.0 84
1761206245890 262.0 85
1761206246259 262.0 86
1761206246632 262.0 87
1761206247008 262.0 88
1761206247394 262.0 89
1761206247771 262.0 90
1761206248152 262.0 91
1761206248528 262.0 92
1761206248904 262.0 93
1761206249270 262.0 94
1761206249691 262.0 95
1761206250064 262.0 96
1761206250437 262.0 97
1761206250804 262.0 98
1761206251190 262.0 99
