1761287686203 1745.0 0
1761287686531 1745.0 1
1761287686839 1443.0 2
1761287687131 1243.0 3
1761287687429 1043.0 4
1761287687731 943.0 5
1761287688044 943.0 6
1761287688358 943.0 7
1761287688732 943.0 8
1761287689043 841.0 9
1761287689353 841.0 10
1761287689660 841.0 11
1761287689969 841.0 12
1761287690280 841.0 13
1761287690581 841.0 14
1761287690885 841.0 15
1761287691194 841.0 16
1761287691506 841.0 17
1761287691869 841.0 18
1761287692180 741.0 19
1761287692486 741.0 20
1761287692796 741.0 21
1761287693111 741.0 22
1761287693421 741.0 23
1761287693730 741.0 24
1761287694035 641.0 25
1761287694346 641.0 26
1761287694706 641.0 27
1761287695017 641.0 28
1761287695327 641.0 29
1761287695643 641.0 30
1761287695950 641.0 31
1761287696262 641.0 32
1761287696570 641.0 33
1761287696876 641.0 34
1761287697185 641.0 35
1761287697560 641.0 36
1761287697869 641.0 37
1761287698187 641.0 38
1761287698492 641.0 39
1761287698800 641.0 40
1761287699112 641.0 41
1761287699428 641.0 42
1761287699734 641.0 43
1761287700043 641.0 44
1761287700353 641.0 45
1761287700719 641.0 46
1761287701028 641.0 47
1761287701340 641.0 48
1761287701652 641.0 49
1761287701962 641.0 50
1761287702267 641.0 51
1761287702576 641.0 52
1761287702885 641.0 53
1761287703195 636.0 54
1761287703549 636.0 55
1761287703845 636.0 56
1761287704143 636.0 57
1761287704442 636.0 58
1761287704744 536.0 59
1761287705053 536.0 60
1761287705367 536.0 61
1761287705676 536.0 62
1761287705983 536.0 63
1761287706286 536.0 64
1761287706649 536.0 65
1761287706960 536.0 66
1761287707271 536.0 67
1761287707574 536.0 68
1761287707882 536.0 69
1761287708187 536.0 70
1761287708494 536.0 71
1761287708808 536.0 72
1761287709115 536.0 73
1761287709495 536.0 74
1761287709805 536.0 75
1761287710119 536.0 76
1761287710428 536.0 77
1761287710740 536.0 78
1761287711050 536.0 79
1761287711364 536.0 80
1761287711676 536.0 81
1761287711983 536.0 82
1761287712296 536.0 83
1761287712663 536.0 84
1761287712970 536.0 85
1761287713278 536.0 86
1761287713586 536.0 87
1761287713894 536.0 88
1761287714200 536.0 89
1761287714513 536.0 90
1761287714822 436.0 91
1761287715128 436.0 92
1761287715502 436.0 93
1761287715807 436.0 94
1761287716118 436.0 95
1761287716431 436.0 96
1761287716736 436.0 97
1761287717047 436.0 98
1761287717355 436.0 99
