1771748123114 3169.0 0
1771748125384 3169.0 1
1771748127722 3169.0 2
1771748129996 3069.0 3
1771748132295 3069.0 4
1771748134583 3069.0 5
1771748137038 3058.0 6
1771748139268 3058.0 7
1771748141640 2958.0 8
1771748143943 2958.0 9
1771748146257 2949.0 10
1771748148567 2949.0 11
1771748150955 2849.0 12
1771748153424 2849.0 13
1771748155731 2849.0 14
1771748158109 2741.0 15
1771748160427 2741.0 16
1771748162697 2741.0 17
1771748165013 2741.0 18
1771748167386 2741.0 19
1771748169669 2741.0 20
1771748172074 2741.0 21
1771748174450 2741.0 22
1771748176764 2643.0 23
1771748179081 2637.0 24
1771748181405 2343.0 25
1771748183788 2343.0 26
1771748186205 2343.0 27
1771748188576 2137.0 28
1771748190883 2137.0 29
1771748193211 2137.0 30
1771748195486 2137.0 31
1771748197835 2137.0 32
1771748200130 2137.0 33
1771748202572 2039.0 34
1771748204858 2039.0 35
1771748207206 2039.0 36
1771748209510 2039.0 37
1771748211824 2039.0 38
1771748214250 2039.0 39
1771748216962 1939.0 40
1771748219366 1937.0 41
1771748221699 1937.0 42
1771748224231 1937.0 43
1771748226547 1937.0 44
1771748228875 1937.0 45
1771748231158 1937.0 46
1771748233489 1837.0 47
1771748235836 1837.0 48
1771748238254 1837.0 49
1771748240702 1737.0 50
1771748243095 1737.0 51
1771748245462 1737.0 52
1771748247886 1730.0 53
1771748250171 1730.0 54
1771748252510 1630.0 55
1771748254885 1630.0 56
1771748257248 1528.0 57
1771748259674 1428.0 58
1771748262098 1428.0 59
1771748264404 1427.0 60
1771748266712 1327.0 61
1771748269090 1327.0 62
1771748271403 1327.0 63
1771748273769 1327.0 64
1771748276210 1327.0 65
1771748278573 1327.0 66
1771748280936 1327.0 67
1771748283221 1327.0 68
1771748285769 1312.0 69
1771748288132 1212.0 70
1771748290642 1212.0 71
1771748292968 1212.0 72
1771748295318 1212.0 73
1771748297693 1212.0 74
1771748300047 1212.0 75
1771748302447 1212.0 76
1771748304770 1212.0 77
1771748307144 1212.0 78
1771748309778 1212.0 79
1771748312099 1212.0 80
1771748314378 1212.0 81
1771748316711 1212.0 82
1771748319166 1212.0 83
1771748321602 1212.0 84
1771748323945 1212.0 85
1771748326343 1212.0 86
1771748328664 1212.0 87
1771748331075 1212.0 88
1771748333425 1212.0 89
1771748335899 1212.0 90
1771748338265 1212.0 91
1771748340683 1212.0 92
1771748343114 1212.0 93
1771748345529 1212.0 94
1771748347835 1212.0 95
1771748350253 1212.0 96
1771748352771 1212.0 97
1771748355130 1212.0 98
1771748357613 1212.0 99
