1761098685348 21329.0 0
1761098704550 19888.0 1
1761098724281 19888.0 2
1761098744396 19888.0 3
1761098765147 19888.0 4
1761098786214 19888.0 5
1761098807625 19888.0 6
1761098829344 19888.0 7
1761098851590 19888.0 8
1761098874004 19888.0 9
1761098896472 19888.0 10
1761098919216 19888.0 11
1761098943322 19888.0 12
1761098967214 19888.0 13
1761098991449 19888.0 14
1761099013826 19888.0 15
1761099036708 19888.0 16
1761099060286 19888.0 17
1761099083247 19888.0 18
1761099106726 19888.0 19
1761099130387 19888.0 20
1761099154269 19888.0 21
1761099177617 19888.0 22
1761099201038 19888.0 23
1761099224488 19888.0 24
1761099248218 19888.0 25
1761099271998 19888.0 26
1761099296397 19888.0 27
1761099320350 19888.0 28
1761099344117 19888.0 29
1761099367851 19888.0 30
1761099391486 19888.0 31
1761099415224 19888.0 32
1761099439089 19888.0 33
1761099463157 19888.0 34
1761099486999 19888.0 35
1761099510304 19888.0 36
1761099533570 19888.0 37
1761099556827 19888.0 38
1761099581678 19888.0 39
1761099606121 19888.0 40
1761099650377 19888.0 41
1761099694099 19888.0 42
1761099737914 19888.0 43
1761099782537 19888.0 44
1761099826463 19888.0 45
1761099870749 19888.0 46
1761099914131 19888.0 47
1761099959105 19888.0 48
1761100003799 19888.0 49
1761100039978 19888.0 50
1761100086878 19888.0 51
1761100134187 19888.0 52
1761100180709 19888.0 53
1761100224232 19888.0 54
1761100268672 19888.0 55
1761100313625 19888.0 56
1761100358619 19888.0 57
1761100402865 19888.0 58
1761100449209 19888.0 59
1761100494618 19888.0 60
1761100539734 19888.0 61
1761100585287 19888.0 62
1761100630727 19888.0 63
1761100675976 19888.0 64
1761100720674 19888.0 65
1761100763817 19888.0 66
1761100806456 19888.0 67
1761100849726 19888.0 68
1761100895036 19888.0 69
1761100937942 19888.0 70
1761100961711 19888.0 71
1761100984898 19888.0 72
1761101007379 19888.0 73
1761101032304 19888.0 74
1761101055711 19888.0 75
1761101080156 19888.0 76
1761101103716 19888.0 77
1761101127757 19888.0 78
1761101150488 19888.0 79
1761101173370 19888.0 80
1761101196689 19888.0 81
1761101218958 19888.0 82
1761101241245 19888.0 83
1761101263637 19888.0 84
1761101289818 19888.0 85
1761101335459 19888.0 86
1761101381441 19888.0 87
1761101425904 19888.0 88
1761101470360 19888.0 89
1761101504470 19888.0 90
1761101528311 19888.0 91
1761101552078 19888.0 92
1761101576978 19888.0 93
1761101601518 19888.0 94
1761101625183 19888.0 95
1761101648583 19888.0 96
1761101672014 19888.0 97
1761101696225 19888.0 98
1761101720021 19888.0 99
