1761203859484 1416.0 0
1761203859823 1307.0 1
1761203860180 1012.0 2
1761203860564 813.0 3
1761203860957 713.0 4
1761203861344 621.0 5
1761203861756 605.0 6
1761203862157 597.0 7
1761203862554 597.0 8
1761203862924 597.0 9
1761203863312 597.0 10
1761203863736 597.0 11
1761203864108 597.0 12
1761203864479 495.0 13
1761203864847 495.0 14
1761203865215 495.0 15
1761203865582 494.0 16
1761203865952 494.0 17
1761203866315 494.0 18
1761203866683 494.0 19
1761203867053 486.0 20
1761203867422 479.0 21
1761203867793 479.0 22
1761203868214 479.0 23
1761203868581 479.0 24
1761203868960 379.0 25
1761203869329 379.0 26
1761203869694 371.0 27
1761203870063 371.0 28
1761203870434 371.0 29
1761203870802 371.0 30
1761203871164 371.0 31
1761203871527 365.0 32
1761203871898 365.0 33
1761203872257 265.0 34
1761203872677 265.0 35
1761203873040 265.0 36
1761203873407 259.0 37
1761203873773 259.0 38
1761203874136 259.0 39
1761203874506 259.0 40
1761203874872 259.0 41
1761203875235 259.0 42
1761203875609 259.0 43
1761203875971 259.0 44
1761203876333 259.0 45
1761203876699 259.0 46
1761203877120 259.0 47
1761203877495 259.0 48
1761203877866 259.0 49
1761203878231 259.0 50
1761203878602 259.0 51
1761203878966 259.0 52
1761203879333 259.0 53
1761203879695 259.0 54
1761203880064 259.0 55
1761203880438 259.0 56
1761203880809 259.0 57
1761203881190 259.0 58
1761203881607 259.0 59
1761203881994 259.0 60
1761203882380 257.0 61
1761203882743 257.0 62
1761203883107 257.0 63
1761203883467 257.0 64
1761203883824 257.0 65
1761203884176 257.0 66
1761203884565 257.0 67
1761203884930 257.0 68
1761203885290 257.0 69
1761203885660 257.0 70
1761203886080 257.0 71
1761203886450 257.0 72
1761203886817 257.0 73
1761203887179 257.0 74
1761203887538 255.0 75
1761203887891 255.0 76
1761203888241 255.0 77
1761203888590 255.0 78
1761203888938 255.0 79
1761203889290 255.0 80
1761203889632 255.0 81
1761203889984 255.0 82
1761203890372 255.0 83
1761203890729 255.0 84
1761203891069 255.0 85
1761203891417 255.0 86
1761203891763 255.0 87
1761203892111 255.0 88
1761203892466 255.0 89
1761203892819 255.0 90
1761203893171 255.0 91
1761203893535 255.0 92
1761203893889 255.0 93
1761203894241 255.0 94
1761203894636 255.0 95
1761203894998 255.0 96
1761203895351 255.0 97
1761203895701 255.0 98
1761203896050 255.0 99
